"",1,2,3,4,5,6,7,8,9,10,11,12,13,14,15,16,17,18,19,20,21,22,23,24,25,26,27,28,29,30,31,32,33,34,35,36,37,38,39,40,41,42,43,44,45,46,47,48,49,50,51,52,53,54,55,56,57,58,59,60,61,62,63,64
0,3937,3885,4014,3885,3987,3881,3893,3944,3843,4048,3827,3840,3992,3967,3901,3996,3931,3859,3837,3914,3915,3925,3929,4035,3917,3767,3842,3892,3917,3896,3887,3788,3908,3672,3747,3894,3851,3928,3971,3843,3979,3872,3929,3877,3867,3880,3864,3966,3888,3936,3834,3845,3963,3904,3890,3855,3999,3883,3922,3917,3935,3890,3962,3951
1,3843,3990,3776,3858,3827,3948,3875,3985,3862,3918,3922,3818,3879,3928,3964,3876,3798,3952,3818,3934,3813,3909,3829,4013,3853,3809,4040,3862,3938,3958,3884,3924,3893,3887,3941,3841,3907,3962,3872,3831,3839,3791,3899,3889,3860,3840,3838,3855,3861,3818,3894,3927,3935,3841,3856,3908,3868,3862,3905,3929,3909,3916,3892,3924
2,3874,3854,3972,3857,3859,3875,3876,3853,3848,3745,3916,3824,3872,3939,3986,3941,4029,3875,3972,3789,3883,4071,3844,3935,3853,3869,3872,3854,3932,3943,3925,3845,3917,3917,3983,3919,3918,3900,3896,3981,3862,3987,3868,3830,3887,3814,3855,3884,3886,3941,3928,3996,3863,3905,3877,3902,3927,3854,3797,3909,3782,3892,3854,3810
3,3932,4000,3973,3896,3957,3875,3771,3965,3830,3848,3935,3986,3809,3787,3900,3943,3770,3854,3903,3984,3846,3855,3931,3945,3837,3941,3921,3900,3860,3936,3884,4021,3820,3913,3919,3919,3972,3929,3752,3907,3944,3859,3940,3954,3853,3984,4009,4048,3902,3943,3933,3939,3861,3871,3918,3830,3836,3862,3836,3944,3944,4093,3842,3832
4,3874,3766,3838,3916,3868,3852,3967,3850,3960,3916,3873,4012,3814,3973,3815,3982,3943,3851,3917,4013,3817,3981,3878,3954,3890,3843,3854,3895,3872,3928,3941,3850,3843,4004,3887,3954,3874,3854,3856,3931,3916,3911,3859,3899,3912,3991,3920,3801,3890,3894,3959,3949,3787,3942,3955,3858,3877,3904,3915,4098,3854,3899,3822,4031
5,3823,3868,3945,3808,3963,3894,3979,3882,3913,3870,3928,3789,3950,3882,3809,3957,4049,3876,3852,3862,3864,3957,3899,3926,3947,3964,3829,3955,3979,3868,3834,3962,3855,3967,3980,3811,3965,3837,3781,3874,4021,3971,3810,3906,3908,3880,3970,3987,3918,3964,3899,3986,3936,3830,4032,3801,3939,3877,3893,3914,3825,3827,3913,3835
6,3870,3830,3932,3935,3975,3967,3907,3868,3906,3915,3892,3867,3853,3913,3847,4020,3987,3881,3966,3904,3968,3908,3876,3917,3860,3835,3988,3919,3981,4056,3977,3957,3869,3883,3867,3909,3959,3955,3870,3934,3984,4040,3907,3838,3955,3848,3927,3934,3995,3916,3778,3926,3795,3900,3887,3957,3909,3897,3930,3974,3977,3788,3899,3932
7,3991,3887,3962,3847,4015,3955,3906,3845,3812,3796,3985,3992,3903,3871,3918,3810,3887,3856,3771,4002,3860,3882,3972,3927,3900,3832,3954,3919,3856,4066,4019,4014,3868,3920,3929,3924,3959,3965,3897,3927,3938,3838,3918,3855,3866,3930,3816,3709,3814,3898,3988,3956,3900,3893,3972,3911,3843,3906,3932,3948,3909,3842,3862,3896
8,3904,3880,3985,3891,3909,3837,3902,3844,3911,3857,3896,4005,3934,3933,3913,4042,3912,3912,3856,3910,4011,3922,3840,3765,3995,4046,3873,4011,3772,3785,3901,3947,3848,3954,3893,3818,3929,3911,3831,3937,4033,3875,3852,3863,3866,3943,3845,3871,3908,3873,3984,3932,3900,4013,3900,3890,3893,3926,3942,3923,3961,3939,3821,3803
9,4059,3923,3904,4002,3861,3857,3912,4049,3969,3980,3822,3815,3939,4010,3895,3897,3932,3931,3946,3859,3858,3949,3944,3918,3870,3844,3884,3856,3812,3879,3888,3704,3887,3951,3934,3843,4021,3880,3871,3954,3912,3868,3886,3850,3905,4000,3958,3885,3897,3854,3952,3917,3947,3792,3778,4021,3802,3808,3913,3898,3942,3903,3883,3913
10,3975,3898,4002,3921,3879,3987,3925,3865,4033,3935,3957,4025,3838,3936,3919,3911,3957,3987,3950,3918,3885,3899,3922,3956,4033,3931,3877,3971,4029,3940,3937,3912,3909,3924,3887,3827,3977,3885,3974,3857,3899,3946,3778,3989,3875,3964,3936,3854,3952,3869,3915,3905,3843,3892,3861,3777,3893,3863,3915,3828,3862,3898,3906,3836
11,3878,4020,3852,3891,4045,3848,3906,3880,3958,3908,3854,4048,3947,3907,3899,3939,3941,4031,3870,3865,3978,3876,3856,3967,3758,3914,3944,3942,3900,3911,3976,3816,3918,3844,3890,3906,3899,3910,3974,3900,3896,3901,3781,4051,3865,3930,3843,3875,4019,3960,3831,3820,3801,3900,3869,4005,3878,3964,3819,3876,3988,3806,3879,3757
12,4007,3927,3946,3876,3991,3852,3902,3883,3912,3869,3800,3857,3784,3893,3725,3953,3908,3850,3967,3856,3940,3884,3858,3895,3823,3798,3896,3960,3939,3855,3905,3849,4010,3847,3873,3805,3842,3950,3988,3913,3895,3975,3927,3912,4004,3868,3980,3847,3892,3853,3944,3877,3817,3961,4035,3915,3850,3850,3970,3882,3915,4051,3926,3841
13,3875,3933,3944,3935,3902,3912,3811,4037,3905,3838,3917,4009,3884,3916,3953,3877,3956,3928,3924,3965,3942,3914,3925,3876,3911,3918,3865,3844,3821,3939,3929,3932,3927,3908,4022,3864,3914,3871,3908,3958,3966,3943,3848,3908,3961,3885,3819,3850,3865,3756,3935,3858,3917,3849,3977,3848,3929,3982,3813,3877,3928,3844,3886,3963
14,3950,3931,3945,3860,3929,3899,3873,3866,3974,3948,3930,3826,3863,4043,3875,3897,4002,3899,3835,4061,4071,3883,3996,3775,3893,3832,3847,3958,3884,3925,3863,3876,3931,3959,3881,3877,3895,3927,3992,3880,3925,3922,3830,3966,3876,3883,3977,3953,3928,3969,3753,3897,3913,3900,3901,3819,3902,3905,4016,3899,4067,3921,3959,3855
15,3803,3862,3906,3802,3842,4072,3912,3879,3914,3839,3934,4006,3887,4000,3953,3829,3758,3849,3911,3797,3861,3920,3794,3922,3929,3929,3943,3957,3916,3818,3890,3976,3928,3942,3882,3891,3825,3808,3889,3870,3920,3984,3920,3986,3913,3870,3902,3872,3920,3956,3895,3904,3863,3857,3781,3897,3793,3887,3871,3914,3835,3965,4020,3917
16,3920,4055,3959,3916,3989,3960,4037,4052,3920,4086,4017,3838,3862,3990,3849,3886,3830,3911,3835,3915,3715,3850,3908,3954,3908,3925,3939,3910,3866,3874,3880,3795,3879,3790,3957,3927,3946,3879,3881,3886,3877,4007,3929,3915,4038,3912,3859,3973,3887,3851,3935,3893,3948,3888,3826,3948,3945,3881,3898,3948,3897,3888,3932,4032
17,3930,3885,3923,4004,3955,3857,3871,3838,4007,3927,3973,3991,3918,3942,3909,3967,3897,3890,4010,3886,3859,3848,3979,3878,4013,3933,3985,3879,3951,3933,3957,3932,3908,3911,3875,3772,3834,3927,3826,3915,3931,3993,3936,3948,3863,3874,3849,3831,3880,3800,3838,3928,3923,3905,4011,3990,3888,3846,3901,3892,3951,3833,3928,3953
18,3799,3911,3772,3873,3897,3939,3918,3974,3914,3871,3800,3972,3917,3917,3933,3919,3948,3983,3998,3938,3854,3764,3875,3885,3832,3841,3929,3833,3963,3907,3937,3843,3864,3832,3790,3929,4046,3941,3930,4057,4011,3850,3824,3836,3931,3861,3847,3891,3935,3915,3907,3833,3896,3809,3819,3799,3908,3992,3847,3964,3827,3788,3872,3917
19,3938,3886,3885,3787,3983,3913,3854,3897,3922,3951,4022,3852,3902,3860,3797,3980,3940,3892,4033,3840,3856,3879,3889,4011,4010,3886,3875,3969,3917,4029,4009,3791,3866,3861,3956,3909,3925,3920,3851,3938,3863,3838,3907,3972,3800,3895,3970,3950,3914,3818,3940,3762,3963,4008,3970,3833,4074,4000,3971,3963,3812,3907,3915,3855
20,3783,4001,3876,3852,3860,4017,4023,3928,3916,3856,3965,3814,3828,3979,3880,3880,3775,3862,3921,3867,3962,3923,3942,3854,3879,3946,3899,3888,3945,3961,4027,4021,3888,3921,3939,3898,3855,3899,3977,3923,3848,3799,3959,3959,3924,3978,3861,3984,3942,3879,3928,3922,3930,4046,3998,3996,3819,3889,3854,3780,3928,3915,4000,4004
21,3968,3972,3863,3951,3980,3926,3938,3845,3925,4003,3917,3911,3814,3929,3910,3946,3972,3812,3999,3988,4007,3956,3823,3894,3857,4009,3918,3939,3886,3927,3929,3907,3953,3843,4025,3966,3874,3912,3946,3906,3953,3803,3873,3928,3854,3881,4002,3990,3864,3895,3896,4041,3787,3866,3880,3892,3911,3880,3967,3885,3870,3899,3876,3874
22,3952,3813,3945,3842,3912,3921,3850,3886,3973,3891,3886,3943,3968,3927,3948,3905,3930,3941,3804,3811,3889,3926,3947,3896,3949,3970,3968,4002,3917,3915,3879,3844,3849,3981,3856,4015,4008,3850,3834,3985,3822,3814,3930,3943,3871,4033,3890,3865,3925,3978,3800,3879,3883,3822,3978,3966,3930,3858,4000,3925,3811,4027,3901,3875
23,3964,3863,3879,3930,3954,3873,4073,3994,3826,3746,4025,3920,3864,3925,3942,3998,3867,3875,4009,3824,3831,3757,3815,3904,3818,3907,3910,3914,3971,3927,3906,3945,3946,3810,3872,3879,3983,3907,3979,4015,3794,4003,3905,3988,3877,3859,3865,3984,3943,3749,3989,3803,3824,3894,4000,3780,3862,3884,3779,3832,3897,3959,3863,3902
24,3857,4035,3824,3809,3851,3860,3895,3922,3921,3877,3953,3918,3884,3844,3834,3787,3896,3841,3912,3931,3927,3984,3953,3810,3917,3951,3965,3919,4013,4006,3939,3916,4006,3804,3912,3943,3751,4008,3943,3912,3990,3895,3861,3911,3901,3856,3946,3929,3853,3990,3922,3911,3849,3898,4074,3870,3941,3925,3809,3902,3869,3948,3860,3821
25,3910,3896,3934,3897,3989,3869,3862,3936,3866,3918,3892,3922,3829,3852,3902,3923,3987,4060,3854,3924,3864,3932,3811,3877,3903,3935,3915,3864,3883,4023,3789,3887,3969,3847,3997,3877,3961,3808,3911,3975,3836,3977,3919,4128,3933,3893,3843,3774,3878,3928,3851,3988,3915,3947,3909,3887,3934,3927,3890,3810,3906,3917,3792,3899
26,3946,3945,3988,3918,3905,3949,3799,3915,3860,3882,3993,3912,3834,3945,3817,3848,3828,3938,3835,3786,4020,3825,4026,3903,3845,3845,3895,3932,3929,3980,3889,3917,3921,3884,3809,3990,3925,3931,3881,4014,3941,3895,4054,3940,3869,3992,3880,3790,3904,3883,3900,3851,3937,3955,3843,3908,3952,3832,3941,3881,3763,3964,3857,3821
27,3792,3959,3819,3934,3994,3889,3888,3881,3829,3822,4097,3833,3924,3844,3913,3917,3784,3898,3872,3858,3845,3903,3826,3982,3922,3930,3915,3880,3904,3861,3940,3961,3902,3907,3743,3846,3792,3751,3865,3921,3888,3917,3981,3990,3932,3929,4007,3948,3882,3924,3957,3924,3935,3975,3933,3763,3929,3932,3879,4019,3879,3890,3960,3998
28,4061,3837,3866,3862,3996,3926,3888,4032,3898,4015,3922,4015,4033,3790,3861,3892,3944,3931,3830,3916,4007,3910,3866,3789,3962,3931,3885,3919,3900,3945,3899,3910,4002,3909,3902,3971,3855,3882,3936,3861,3888,3884,3960,3883,3978,3896,3807,3922,3984,3916,3875,4065,3914,4020,3861,3888,3893,3861,3905,3915,3875,3971,3981,3907
29,3874,3740,3852,3797,3928,3916,3887,3993,3904,4009,3903,3894,3923,3858,3848,3909,3950,3827,3859,3825,3887,3944,3817,3814,3926,3892,3827,3864,3937,4036,3886,3956,3852,3880,3865,3901,3862,3871,3872,4025,3887,3874,3882,3831,3934,3877,3812,3885,3946,3923,3939,3840,3887,3899,3892,3950,3820,3817,3893,3981,3896,3880,3918,3957
30,3897,3899,3910,3923,3822,3877,3948,3970,3942,3831,3912,4024,3935,3983,3998,4030,3834,3875,3932,3962,3885,3993,3894,3917,3867,3945,3863,3854,3789,3866,3756,3937,4080,3925,3930,3891,3998,3890,4004,3910,3924,3882,3907,3953,3875,3818,3958,3954,3937,3831,3813,3961,3957,3898,3917,3892,3932,3873,3827,3980,3913,4026,3844,3867
31,3922,3923,3912,3944,3787,3910,3895,3911,3943,3914,3821,3998,3877,3947,3899,3892,4037,3813,3860,3982,3793,3875,3943,3897,3882,3838,3912,3921,3921,3801,3826,3994,3887,3926,3944,3867,3887,3993,3907,3980,3935,3973,3883,3848,3875,3750,3934,3983,3886,3899,4094,3936,3864,3820,3944,3849,3852,3918,3892,3861,3897,3823,3994,3887
32,3796,3836,3955,3797,4040,4029,3942,4019,3949,3836,3957,3764,3925,3857,3864,3918,3898,3832,3966,3885,3808,4053,3914,3862,3800,3931,4043,3901,3941,3883,3856,3932,3885,3871,3841,3757,3998,4025,3968,3858,3881,3932,3872,3923,3908,3923,3894,3790,3873,3947,3958,3915,4073,3979,3816,3869,3896,3993,3874,3737,3899,3927,3917,3995
33,3817,3947,3946,3961,3888,3903,3910,3982,3979,3948,3936,3947,3855,3901,3969,3971,3788,3977,3985,3886,3923,3858,3978,3946,3887,3992,3918,3920,3825,3951,3925,3846,3968,4030,3821,4016,4048,3884,3836,3831,3856,3923,3881,3897,3927,3914,3854,4017,3807,3943,3947,3845,3901,3886,3972,3985,4002,3924,3897,3922,3905,3970,3900,3872
34,4016,3947,3826,3980,3954,3884,3740,3992,3927,3881,3801,4002,3897,3893,3789,3865,3911,3970,3939,3846,3886,3834,3915,3941,3936,3880,3953,3929,4056,3911,3897,3930,3942,3869,3927,3963,3920,3884,3959,3833,3941,3801,3936,3890,3869,3960,3870,3908,3920,4023,3831,3910,3831,3950,4004,3931,3929,3934,3738,3853,3884,3927,3957,3924
35,3933,4019,3944,3900,3973,3831,3933,3869,3973,3900,3805,3878,3972,3966,3845,3935,3913,3858,3837,3939,3940,3882,3864,3946,3887,3894,3987,3959,3916,3843,3892,3945,3815,3930,3989,3973,3852,3753,3891,3946,3922,3876,3841,3878,3978,3814,3935,3895,3965,3900,3974,3936,3857,3788,3855,3883,3876,3814,3917,3937,3895,3987,3894,3958
36,3852,3825,3868,3857,3912,3880,3935,3971,3973,3875,3893,3935,3880,3982,3922,3815,3937,3851,3976,3913,3882,3939,3936,4002,3797,3882,3960,3797,3838,4064,3919,3987,3953,3814,3981,3852,3862,3880,4058,3875,3915,3845,3925,3939,3876,3806,3898,3902,4037,3958,3923,3903,3904,3878,3924,3868,3972,3957,3889,3875,3927,3940,3999,3923
37,3960,3830,3862,3888,3922,3893,3976,3852,3897,3930,4023,3906,3898,4002,3880,3844,3955,3931,3889,4135,3933,3910,3958,3818,3877,3938,3704,3887,3957,3934,3826,3918,3929,3901,3933,3967,3872,3888,3897,3838,3830,3834,3889,3971,3864,3897,4039,3843,3972,3959,3867,3775,3879,3955,3828,3874,3854,3959,3936,3941,3902,3919,4010,3963
38,3855,3907,3912,4146,3976,3979,3960,3944,3906,3836,3920,3829,3789,3837,3854,3944,3951,3852,3836,3889,3806,3899,3886,3882,3837,3841,3859,3923,3961,3898,3963,3974,3930,3999,3854,3907,3879,3830,3928,3902,3876,3851,3894,3858,3844,3947,3919,3890,3888,3855,3878,3909,3909,3974,3977,3946,3915,3960,3941,3937,3907,3986,3855,3962
39,3821,3843,3919,3973,3836,3939,3993,3869,3947,3916,3934,3889,3910,3889,3955,3854,3840,3815,3894,3927,3989,3919,3920,3934,3793,3820,3992,3849,3829,3992,4069,3992,3907,3844,3851,3912,3927,3909,3857,3945,3871,3794,3990,3837,3931,3856,3932,3898,3824,3876,3924,3799,3793,3967,3913,3905,3896,3823,3853,3764,3923,3923,3957,4021
40,4056,3889,3790,3979,3825,3885,3867,3913,3909,3961,3870,3847,3871,4003,3817,3952,3795,3799,3984,3935,3991,3882,3914,3986,3853,3820,3893,3896,3877,4024,3906,3915,3954,3796,3945,3980,3934,3914,3986,3858,3868,3971,3873,3748,3929,3886,3830,3918,3907,4047,3906,3939,3834,3909,3930,3937,3991,3887,3937,3834,3923,3919,3833,3994
41,3903,3967,3932,3925,3932,3966,3943,3908,4003,3938,3983,3792,3914,3836,3923,3958,3916,3857,3926,3928,3844,3933,3904,3950,3964,3861,3920,3958,3871,3807,3926,4026,4010,3938,3867,3921,3844,3919,3847,3978,3964,3858,3969,3818,3847,3865,3895,3915,3904,3874,4002,3958,3967,4004,3941,3948,3987,3773,3930,3901,3958,4032,3876,3912
42,3870,3848,3946,3961,3865,3906,3754,3828,3909,3892,3871,3935,3844,3862,3845,3913,3880,3918,3900,3977,4074,3929,3779,4008,3738,3809,3938,3843,3854,3947,3833,3897,3901,3789,3801,3942,3837,3971,3973,4010,3902,3893,4010,3857,3891,3812,3988,3971,3870,3933,3889,3993,3899,3885,3950,3950,3912,3960,3804,3944,3994,3942,3840,3936
43,3850,3942,3833,3911,3994,3850,3760,3976,3968,3837,3935,3940,3903,3910,3968,3888,3934,3884,3946,3823,3936,3997,3914,3781,3957,3852,3960,3949,3885,3890,3860,3904,3781,3901,3926,3926,3747,3866,3887,3934,3945,3987,3853,3982,3870,3893,4089,3840,3878,3919,3829,3828,3878,3938,3880,3954,3834,3840,3933,3896,3935,3948,3866,3887
44,3967,3881,3875,3954,3952,3882,3937,3944,3921,3989,3868,3859,3967,4029,3854,3964,3881,3755,3762,3861,3958,3941,3953,3909,3850,3954,3991,3828,4001,3836,3914,3958,3961,3892,3842,3897,3915,3950,3935,3883,3854,3866,4002,3856,3947,3846,3961,3765,3876,3860,3777,3784,3906,3904,3871,3900,3962,3862,3808,3891,4008,3974,3796,3955
45,3817,3931,3946,3919,3955,3950,3991,3797,3979,3881,3854,4001,3867,3931,3926,3839,3885,3861,3980,3873,3866,3967,3924,3883,3944,3852,3876,3964,3842,3796,3867,3893,3906,3923,3877,3863,3841,3963,3846,3918,3829,3803,3830,3787,3935,3950,3895,3797,3773,3846,3922,3787,3919,3869,3876,4099,3987,3875,3831,4016,3957,3934,3938,3918
46,3869,3927,3788,3880,3874,3917,3898,3935,4016,3945,3919,3944,3801,3886,3844,3904,3942,3905,3781,3944,3914,3828,3892,3995,3847,4024,3996,4022,3936,3912,3908,3918,3862,3875,3936,3922,3843,3808,4070,3910,3971,3885,3955,3916,3952,3893,3963,3889,3916,3921,3918,3775,3868,3961,3962,3884,3891,3931,3908,3937,3966,3879,3999,3810
47,3842,3824,3932,3969,3922,4018,3829,3978,3894,3861,4044,3917,3979,3921,3870,3887,3888,3948,3925,3961,3898,3866,3808,3805,3892,3941,3930,3842,3767,3932,3896,3939,3912,3849,3869,3874,3947,3862,3920,3863,3859,3869,3910,3977,3914,3867,3841,3969,3885,3864,3812,3928,3811,3893,4070,3967,3923,3896,3858,3848,3985,3970,3858,3897
48,3890,3824,3822,3942,3891,3968,3882,4015,3916,3891,3856,3886,3920,3896,4005,3971,3967,3876,3941,3950,3996,3847,3987,3939,3957,3941,3866,3849,3875,3872,3880,3932,3854,3871,3961,3892,3940,3869,3895,3864,3882,3954,3982,3927,4013,3892,3864,4022,3999,3916,3900,3861,3943,3935,3833,3940,3872,3980,3968,3939,3913,4022,4055,3880
49,3971,3988,3939,3915,3815,3894,3861,3873,3897,3876,3780,3934,3928,3981,3915,3818,3884,3965,3982,3841,3897,3977,3791,3992,4023,3862,3904,3847,3881,3894,3891,3879,3939,3912,3979,3915,3884,3873,3947,3836,3896,3998,3903,3854,3994,3968,3910,3889,3800,3952,3885,3965,3992,3873,3875,3935,3778,3899,3918,3973,3977,3879,3861,3944
50,3922,3801,3822,3932,3932,3994,3885,3850,3920,3760,3876,3927,3959,3889,3960,3876,4032,4039,3915,3894,3911,3946,3873,3955,3964,3930,3874,3801,3877,4038,3798,3935,3936,4000,3874,3916,3995,3859,3972,3823,3929,3783,3969,3860,3887,3903,4007,3791,3981,3732,3822,3928,3890,3941,4009,3945,3913,3829,3875,3897,3862,3869,3933,3850
51,3953,3859,3827,3889,3851,3835,3968,3890,3932,3946,3907,3939,3785,4021,3780,3825,3810,3784,3943,3810,3892,3916,3939,3900,3910,3859,3822,3915,4010,3937,3984,3843,3838,3928,3802,3872,3975,3828,3898,3906,3934,3938,3932,3846,3947,4017,3822,3958,3858,3908,3920,3866,3991,3972,3874,4001,3919,3918,3960,3965,3950,3857,3885,3893
52,3843,3854,3821,3809,3856,3874,3970,3885,3829,3848,3838,3931,4063,3873,4038,3914,3934,4031,3940,3975,4029,3912,3887,3940,3899,3821,4031,3938,3960,3977,3819,3978,3962,3818,3847,3882,3944,3841,3903,3931,3820,3921,4014,3900,4012,3797,3901,3880,3923,3915,3918,3749,3800,3888,3922,3876,3883,3810,3800,3971,3931,3893,3930,3886
53,3986,3977,3847,3857,4006,3932,3908,3949,3883,3953,4038,3877,3971,3832,3862,3860,3844,3838,3936,3800,3886,3900,3797,3879,3859,3813,3833,3832,3811,3894,4036,3926,3798,3982,3833,3999,3967,3901,4038,4014,3921,3991,3999,3911,3953,3871,3947,3868,3933,3913,3938,3932,3910,3847,3882,3914,3770,3892,3978,3894,3885,3873,3954,3771
54,3983,3923,3901,3887,3935,3840,3908,3849,3874,3920,3857,3947,4019,3913,3945,3863,3893,3888,3930,3958,3959,3932,3896,3869,3904,3880,3935,3975,3904,4009,3885,3848,3938,3910,3876,3739,3904,4005,3888,3971,3891,3854,3951,3901,3850,3987,3926,3849,4059,3883,3921,3838,3793,3892,3943,3976,3817,3773,4030,4033,3833,3884,3844,3903
55,3950,3944,3818,3913,3993,3968,3956,3844,3933,3883,3780,3870,3858,3847,3825,3883,4032,3851,3903,3940,3921,3900,3873,3956,3920,3944,3885,3797,3897,3893,3978,3785,3923,3867,3920,3768,3904,3915,3886,3899,3966,3892,3955,3962,3861,3869,3953,3921,3913,3883,3801,3882,3823,3953,3867,3796,3862,3910,3927,3877,3913,3879,3935,3822
56,3940,3905,3837,3958,3927,3946,3848,3973,3893,3790,3897,3971,3832,3927,3954,3890,3883,3942,3815,3851,3846,3844,3836,3877,3853,3920,3921,3916,3897,3813,3872,3941,3861,3943,3966,3839,3927,3866,3928,3898,3900,3821,3996,3896,3953,3888,4016,4031,3859,3964,3873,3866,3849,3831,3991,3984,3963,3906,3934,3942,3955,3845,3876,3995
57,3891,3852,3844,3963,3930,3788,3850,3899,3819,3906,3928,3832,3929,3896,3886,3925,3803,3858,3890,4011,3919,3794,3883,3915,3941,3803,3897,3772,3941,3958,3967,3901,3906,3944,4079,3862,4033,3951,3930,3810,3900,3984,3818,3985,3966,3976,3951,3881,3850,3947,3925,3867,3957,3874,3934,3930,3914,3940,3924,3850,3861,3779,3938,3830
58,3923,3889,3890,3874,3918,3931,3930,3943,3992,3897,3898,3985,3891,3916,3909,3910,3871,3871,3931,3863,3953,3929,3927,3937,3906,3923,3844,3886,3890,3918,4010,3960,3866,3913,3912,3873,3914,3873,4014,3919,3929,3959,3924,3909,3740,3971,3890,3952,3883,3965,3862,3934,3877,3781,3905,3966,3877,3881,3903,3835,3863,3907,3956,3905
59,3802,3912,3958,3903,3892,3908,3997,3888,3915,3921,3926,3914,4003,3949,3911,3914,3961,3789,3902,3982,3928,3903,3861,3993,3830,3997,3937,3944,3907,3814,3962,3967,3859,3834,3826,3839,3848,3995,3892,3903,3805,3786,3875,3865,3905,3987,3955,4056,3859,3902,3794,4057,3965,3976,3919,3856,3923,3923,3873,3979,4001,3838,3902,3887
60,3895,3873,3856,3903,3922,3956,3835,3847,3811,3983,4018,3908,3933,3842,3887,3903,3898,3811,3838,3909,3859,3940,3857,3984,3946,3967,3933,3905,3839,3941,3984,3849,3991,3918,3971,3895,3885,3816,3992,3953,3942,3924,4039,3893,3964,3842,3832,3928,3934,3818,3813,4019,3953,3938,3942,3812,3964,3905,3899,4072,3972,3964,3933,3844
61,3825,3922,3853,3952,3877,3856,3924,3834,3763,3965,3971,3930,3986,3840,3876,3927,3929,3893,3850,3925,3982,3974,3888,3922,3845,4063,4031,3874,3935,3983,4011,3901,3958,3836,3782,3871,3758,3928,3915,3977,3997,3868,3920,3854,3888,3902,3989,3853,3847,3833,3855,3956,4032,4043,3834,3905,3950,4066,3991,3904,3943,3929,3936,3953
62,3894,3974,3941,3820,3935,4033,3934,3996,3834,3937,3893,3848,3882,3814,3935,3860,3898,3857,3958,3967,3911,3927,3909,3930,4012,3853,3849,3800,3906,3841,3917,3781,3795,3885,3933,3851,3848,3934,3814,3963,3940,3974,3943,3951,3955,3822,4006,3855,3967,3773,3947,3864,3837,3856,3863,3917,3914,3853,3925,3934,3917,3994,3846,3968
63,3893,3911,4054,3888,4039,3900,3863,3961,4003,3957,3945,3843,3889,3827,3908,3901,3889,3936,3831,3875,3927,3866,3936,3967,4019,3951,3806,3992,3936,3887,3832,3888,3885,3982,3879,3922,3960,4005,3917,4003,3941,3819,3790,3938,3801,3809,3943,3762,3906,3943,3853,3957,3877,3917,3911,3823,3898,3921,4007,3912,3925,3957,3992,3945
64,3929,3879,3869,3967,3847,3874,3975,3931,3868,3973,3827,3937,3847,3951,4028,3942,3780,3895,3865,3948,3834,3883,3987,3902,3991,3928,3914,3977,3939,3949,3954,3960,3896,3847,3875,3779,3884,3989,3873,3805,4015,3969,3848,3841,3909,3796,3958,3910,3868,3798,3950,3802,3875,3872,3893,3897,3837,3993,3769,3927,3873,3937,3825,3958
65,3909,3872,3830,3892,3845,3935,4010,3868,3916,3955,3959,3902,3844,3962,3939,3862,3809,3926,4033,3838,3944,3867,4083,4002,3909,3897,3941,3971,3809,3821,3885,3896,3856,3879,3926,3937,3894,3967,4000,3871,3916,3862,3882,3837,3903,3838,3961,3966,3812,3869,3868,3899,3841,3863,3902,3857,3941,4007,3867,3826,3981,3931,3907,3806
66,3747,3895,3851,3919,3943,3827,3868,3848,3898,3961,3951,3866,3881,3783,3996,3804,3850,3794,3991,3937,3967,3927,3952,3875,3955,3952,3927,3930,3835,3920,3904,3863,3834,3970,3920,3965,3957,3780,3926,3900,3989,3921,3858,3876,3959,3944,3977,3872,3894,3850,3931,3942,4012,3982,3894,3901,3930,3999,4002,3897,3886,3844,3873,4023
67,3981,3928,3857,3829,3943,3858,3891,3858,3935,4007,3834,3890,3921,3968,3913,3906,3852,3902,4000,3940,3932,3921,3978,3856,3878,3815,3937,3910,3843,4032,3962,3948,3772,3981,3840,3863,4043,3942,3854,3940,3718,3858,3900,3812,3963,3938,4022,3952,4006,3947,3940,3812,3817,3960,3819,3832,3938,3761,3942,3889,3865,3914,3904,3907
68,3862,3877,4079,3758,3940,3884,3855,3814,3812,3881,3864,3871,3828,3869,4027,3844,3881,3925,3915,3860,3938,3893,3970,3822,3799,3861,3881,3991,3936,3977,3891,3936,3966,3891,3930,3990,4064,3849,3831,3895,3813,3853,3899,3854,3876,3989,3908,3825,3930,3945,3849,3908,3869,3870,3966,3911,3929,3894,3871,3895,3922,3905,3870,3974
69,3818,3701,3831,3955,3856,3895,3870,3877,3947,3874,3961,3938,3918,3975,3844,3841,3814,3862,3945,3800,3911,3866,3967,3988,3972,3894,3906,3898,3873,3886,3824,3996,3944,3922,3815,3916,3857,3902,3954,3804,3984,3823,3888,3880,3973,3908,3934,3871,3898,3877,4022,3946,3959,3966,3928,3906,3914,4017,3810,3850,3989,4024,4017,3997
70,3947,3907,4039,3807,3922,3955,3884,3989,3866,4010,3902,3916,3939,4004,3882,3881,3952,3940,3862,3843,3864,3850,3852,3849,3969,3943,3909,3800,4051,3961,3752,3983,3875,3908,3854,3886,3920,3890,3867,3877,3857,3892,3884,3768,3839,3965,3818,3965,3873,4009,3911,3813,3817,3937,3970,3943,3836,3983,3889,3866,3953,3820,3972,3848
71,3822,3914,3969,4013,4002,3885,3809,4005,3989,3878,3851,3897,3972,3935,3925,3806,3852,3820,3883,3936,3885,3922,3928,3914,3894,3968,3904,3904,3881,3851,3930,3825,3914,4015,4050,3921,3819,3891,3847,3944,3892,3909,3859,3855,3842,3797,3824,3962,3946,3921,3800,3876,3844,3968,3957,3860,4019,3892,3870,3877,3904,3983,3837,3872
72,3909,3849,3876,3833,3875,3791,3936,3891,4086,3935,3947,3877,3919,3817,3906,3961,3964,3831,3865,3845,3836,4047,3915,3815,3962,3871,3775,3841,3905,3858,3936,3897,3774,3830,3874,3942,3839,3972,3999,3884,4036,3932,3883,3900,3871,3936,3936,3926,3989,3915,3825,3866,3806,3897,4024,3996,3998,3952,3986,3949,3916,3883,3899,3952
73,3903,3834,3785,3875,3978,3931,3969,3940,3985,3877,3944,3871,4005,3893,3936,3888,3986,3986,4020,3919,3871,3929,3880,3923,3889,3885,3835,3835,4009,3850,4037,3874,4012,4049,3795,3860,3921,3917,3889,3829,3832,3874,4074,3991,3833,3800,3936,3873,4130,3914,3894,3904,3912,3910,3923,4004,3879,3867,3920,3902,3771,3862,3792,3866
74,3951,4008,3939,3851,3825,3912,3877,3948,3925,3900,4000,3895,3780,3859,3834,3986,3925,3912,3946,3961,3936,3890,3889,3931,3960,3885,3927,3901,3990,3888,3867,3794,3820,3933,3931,3906,3983,3934,3837,3892,3904,3995,3968,3960,3927,3917,3905,3881,3908,3886,3893,3930,3876,3880,3925,3783,3846,3750,3851,4052,3962,3951,3890,3947
75,3812,4002,3869,3923,3953,4031,3729,4027,3913,3946,3950,3904,3834,3907,3890,3942,3806,3965,3878,3887,3952,3963,3933,3955,3949,3942,3892,3942,3871,3868,3817,3925,3929,4007,3903,3919,3890,3858,3895,3891,3919,3889,3831,3935,3844,4039,3847,3845,3936,3971,3911,3925,3833,3783,3902,3769,3841,4014,3891,4034,3861,3848,3846,3909
76,4054,3849,3882,3895,3831,3911,3868,3922,3918,3932,3973,3824,3995,3861,3878,4011,3898,4042,3920,3994,3869,3975,3887,4038,3883,3925,3903,3847,3960,3914,3871,3936,3858,3972,3892,3861,3983,3800,3934,3968,3914,3967,3892,4051,3867,3905,4025,3926,3896,3923,3938,3873,3938,3808,3805,3920,3932,3966,3970,3922,3912,3962,3752,3925
77,3832,3874,4056,3892,4009,3919,3981,3835,3949,3886,4015,3851,3914,3913,3865,4011,3892,3923,3913,3864,3967,3881,3970,3988,3888,3820,3777,4024,4022,3865,3930,3790,3944,3891,3891,3915,3996,3943,3939,3888,3942,3851,3997,3828,3919,3919,3867,3852,3845,3889,3958,3984,3917,4060,3835,3879,3866,3871,3922,3838,3797,3929,3869,3957
78,3939,3802,3869,3807,3919,3976,3774,3855,3957,4066,3922,3873,3919,3829,3831,3966,3872,3953,3758,4075,3885,3874,3876,3870,3892,4039,3985,3824,3972,3878,4031,3796,3906,3978,3933,3830,4020,3889,4059,3940,3873,4036,3865,3915,3873,3897,3945,3846,3864,3883,3826,3977,3802,3872,3851,3923,3911,3858,3905,3941,3890,3898,3941,3888
79,3886,3884,3861,3927,3880,3880,3973,3963,3886,3871,3922,3901,4032,3872,3825,3924,3889,3826,3942,4065,3936,3921,3955,3912,3881,3914,3840,3883,3940,3846,3882,3894,3947,3898,3972,3829,4028,3934,3853,3832,3946,3860,3885,3965,3826,3831,3924,3993,3984,3870,3938,3956,3997,3901,3933,3996,3916,3890,3939,3902,4087,3996,3928,3938
80,3923,3912,3859,3847,3907,3796,3948,3960,3894,3995,3894,3845,3943,3872,3917,3839,4015,3863,3874,3883,3865,3900,3889,3891,3853,3991,3862,3872,3852,3878,3893,3899,3907,3888,3921,4008,3820,3871,3880,3815,3948,4028,3952,3860,3951,3962,3989,3932,3857,3881,3878,3984,3819,3842,3969,3929,3933,3972,3957,4012,3899,3870,3921,3770
81,3899,3894,3924,3908,3976,3928,3935,3883,3958,3908,3881,3873,3873,3878,3743,3845,4030,3749,3864,3876,3903,3927,3913,3944,3883,3875,3930,4001,3864,3877,3853,3904,3867,3871,3912,3910,3916,3973,3858,3939,3957,3928,4006,3908,3914,3887,3971,3994,3890,4000,3855,3837,3838,3921,4027,3960,3817,4054,3876,4008,4011,3893,4080,4035
82,3829,3947,3786,3859,3878,3940,3991,3910,3889,3891,3966,3853,3982,4050,3923,3895,3847,4069,3825,3895,3923,3977,3975,3798,3857,3911,3852,3864,3867,3874,3901,3857,3869,3878,3870,3893,3926,3837,3908,3927,3963,3945,3961,3810,4056,3846,3876,3791,4014,3946,3888,3901,3905,3956,3816,3946,3956,3936,3967,3919,3904,3918,3982,3920
83,3850,3925,3842,3938,3843,3973,3845,3838,3924,3862,3818,3908,3908,3983,3972,3902,3897,3841,3972,3851,3756,3872,3878,3894,4036,3893,3891,3851,3846,3854,3909,3955,3825,3935,3882,3912,4000,4007,3923,3979,3976,3853,3859,4060,3877,3957,3883,3975,3962,3875,3836,3780,3901,3832,3868,3926,3974,3919,3951,4011,3916,3991,3836,3761
84,3976,3868,3965,3895,3965,3873,3983,3963,3909,4007,4011,3895,3846,3917,3889,3887,3868,3873,3812,3866,3932,3942,3966,3814,3820,3868,3873,3916,3843,3985,3918,3839,3928,3862,3908,3828,3800,3824,3954,4095,3824,3985,3812,3890,3895,3846,3926,4000,3888,3911,4041,3933,3947,3882,3890,3986,3964,3935,3883,3983,3951,4019,3962,3873
85,3913,3985,3880,3903,3886,3827,3852,3911,3842,3888,3845,3892,3985,3938,3791,4024,3871,3845,3768,3864,3926,3935,3885,3942,3839,3971,3885,3926,3841,3914,3902,3873,3960,3853,3824,3874,3859,4035,3901,3906,3888,3853,3927,3974,3980,3908,3875,3884,3908,3979,3953,3980,3919,3871,3843,3978,3921,3902,3989,3902,3948,3899,3977,3785
86,3828,3877,3825,3878,3856,4025,3929,3926,3859,3898,3979,3897,4016,3998,3966,3838,3919,3844,3879,3915,3787,3902,3837,3799,3851,3916,3867,3848,3967,3948,3933,4010,3891,3903,3954,4016,3910,3924,3880,3935,3784,3913,3874,3885,3836,3929,3814,3802,3952,3947,3904,3843,3928,3805,3969,3905,3936,3872,3867,3960,3908,3814,3877,4058
87,3973,3884,3818,4006,3831,3878,3789,3953,3917,4002,3957,3989,3841,4051,3973,3966,3768,3857,3871,3870,3964,3899,3909,3856,3907,3948,3935,3901,3894,3841,3924,3977,3965,3940,3795,3896,3920,3878,3955,3946,3869,3965,3844,3947,3859,3848,3841,3962,3781,3958,3857,3843,3885,3887,3914,4038,3907,3930,3872,3951,3881,3972,3832,3761
88,3921,3940,3919,3945,3917,3859,3971,3890,3956,3915,3994,3770,3849,3973,3886,3882,3979,3905,3877,3915,3906,3959,3834,3867,3908,3828,3862,3985,3880,3922,3836,3911,3889,3931,3942,4040,3873,3900,3825,3952,3904,3937,3874,3877,4002,3916,3853,3987,3871,3870,3872,3965,3891,3960,3993,3888,3916,3889,4035,3941,3880,3962,3953,3923
89,3872,3830,3934,3893,3984,3786,3938,3921,3809,3837,3884,3905,3869,3848,3762,3978,3848,3902,4000,3838,3973,3831,3939,3832,3922,3959,3844,3846,4009,3872,3877,3874,4006,3826,3875,3937,3913,3916,3901,3830,3889,3908,3931,3985,3936,3938,3904,3896,3898,3986,3852,3889,3932,3995,3816,3925,3858,3873,3967,3989,3946,3928,3943,3877
90,3922,3867,3901,3788,3832,3913,3944,3883,3939,3951,3758,3854,3986,3920,4018,3846,3992,3977,3870,3822,3937,3988,3837,3953,3815,3966,3953,3814,3884,3976,3885,3943,3791,3932,3834,3948,3884,3926,3922,3925,3842,3896,3980,3850,3839,3938,3903,3924,3956,4020,3834,3882,3835,4039,3990,3960,3883,3970,3780,3914,3910,3846,3996,3843
91,3880,3891,3861,3889,4045,3726,3869,3862,3865,3809,3892,3924,3958,3768,4011,3887,3929,3868,3770,3810,3876,4002,3933,3921,3831,3867,3881,3823,3901,3916,3927,3848,3895,3945,3799,3938,3829,3916,3812,3867,3834,4014,3816,3785,3861,3940,3806,3972,3928,3867,3898,3844,3967,3909,3899,3928,3922,3954,3911,3861,3854,3914,3910,3979
92,3901,3920,3868,3870,3887,3894,3888,3865,3920,4070,3785,3937,3945,3925,3955,3795,3953,3902,3865,3962,3915,3939,4019,3891,3769,3843,3887,3866,3853,3812,3914,3912,3804,3838,3903,3934,3883,3950,3844,3889,3893,3951,3930,3954,3765,3955,3891,3889,4024,3813,3924,3962,3894,3970,3884,3900,3899,3850,3820,3746,3894,3971,3818,3859
93,3834,3991,4006,3933,3898,3955,3961,3940,3898,3858,3941,3973,3900,3967,3948,3857,3880,3859,4015,3907,3869,3933,3928,3904,3779,3866,3820,3846,3902,3894,3835,3874,3916,3993,3894,3895,3999,3820,3895,3893,3949,3851,3838,3945,3966,3901,3989,3869,3936,3923,3770,3920,3893,3869,3866,3921,3923,3935,3889,3943,3852,3842,4082,3982
94,3958,3946,3863,3805,3906,3916,3829,3874,3945,3871,3897,3947,3882,3929,3856,3826,3935,3845,3936,3845,3910,3963,3890,3867,3951,3899,3934,3817,3920,3783,3928,3861,3997,4002,3846,3892,3861,3886,3905,3847,3837,3959,3824,3958,3891,3883,3896,3857,3840,3888,3812,4035,3829,3967,3928,3944,3897,3861,3897,3694,3780,3905,3814,3868
95,3958,3993,3925,3910,3916,3893,3971,3946,3934,3915,3966,3968,3828,3943,3973,3945,3903,3865,3938,3855,3841,3962,3868,3833,3862,3983,3967,4013,3927,3880,3887,3798,3915,3896,3988,3934,4063,3856,3773,3894,3889,3960,3927,3979,3879,3905,3930,3827,3889,3932,3924,3939,4064,3908,3741,3828,3909,3959,3880,3980,3889,4032,3963,3927
96,3929,3947,3782,3867,3976,3774,3927,4006,3978,3967,3803,3971,4009,3973,3970,3884,3960,3932,3955,3945,3694,3976,3839,4045,3976,3954,3979,3924,3872,3886,3997,3772,3850,3854,3951,3821,3842,3953,3936,3898,4036,3947,3908,3947,3951,3988,3989,3947,3869,3885,3863,3828,3977,3956,3855,3843,3851,3898,3854,3839,3849,3731,3851,3937
97,3831,3822,3921,3868,3862,3933,3831,3893,3911,3874,3804,3840,3910,3825,3902,3863,3978,3846,3928,3930,3807,3941,3825,3784,3917,3853,3937,3862,3844,3902,3904,3886,3876,3900,3940,3982,3870,3788,3917,3937,3851,3868,3906,3980,3903,4006,3858,3924,4065,3917,3956,3913,3939,3879,3890,3919,3977,3896,3910,3890,3881,3862,3861,3936
98,3912,3904,3940,3981,3849,3902,3907,3982,3839,3834,3873,3921,3916,3939,3893,3878,3893,3829,3956,3960,4045,3900,3938,3990,3986,3884,3822,3865,3913,3956,3872,3805,3897,3937,3937,3938,3867,3983,3832,3855,3846,3898,3941,3912,3845,3974,3924,3811,3878,3874,3936,3935,3846,3916,3763,3889,3989,3852,3964,4004,3984,3880,3810,3879
99,3910,3865,3920,3927,3923,3806,3889,3841,4027,3958,3891,4015,3785,3887,3849,3915,3905,3967,3919,3862,3864,3857,3943,3853,4027,3873,3838,3962,3786,4027,3930,3885,3957,3940,3954,3918,3825,3837,3875,3757,3909,3920,3959,3873,3802,3983,3755,4015,3942,3853,3869,3895,3883,3800,3894,3896,3754,3880,3913,3892,3941,3842,3854,3878
100,3851,3882,3959,3906,3787,4027,4048,3888,3898,3837,3897,4011,3967,3810,3936,3986,3841,3866,3899,3850,3857,3919,3979,3975,3945,3899,3822,3892,3937,3958,3917,3926,3921,3838,3849,3917,4026,3932,3898,3920,3968,3949,4031,3881,4011,3910,3905,3891,3990,3954,3901,3893,3960,3907,3864,3886,3925,3891,3840,3858,3883,3994,3876,3882
101,3912,4035,3976,3870,3903,3900,3859,3829,3727,3954,3790,3917,3913,3881,4019,3899,3853,3972,3828,3879,3894,3920,3851,3842,3886,3943,3995,3994,3949,3883,3949,3878,3973,3958,3825,3794,3996,3953,3902,3921,3819,3865,3883,3913,3837,3920,4012,4002,3889,3862,3967,3883,3860,3974,3919,3894,3920,3925,3773,3895,3952,3928,3952,3758
102,3904,3842,4023,3882,3945,3804,3890,3953,4022,3950,3948,3944,3954,3997,3976,3997,3921,3961,3858,3919,3895,3855,3913,4044,3867,3827,3910,4042,3871,3918,3886,3925,3838,3934,3884,3811,3902,3867,3869,3852,3961,3863,3997,4039,3973,3843,3904,3812,3854,3944,3865,3872,3870,3868,3875,3840,3803,3804,3978,3772,3850,3818,3892,3953
103,3869,3901,3985,3928,3775,3855,3910,3896,3850,3978,3962,3854,3799,3955,3981,3794,3846,3939,3829,3952,3935,3805,3981,3896,3831,3808,3945,3914,3919,3837,3886,3985,3869,3814,3938,3936,3957,3888,3955,4075,3891,3991,3931,3901,3887,3761,3848,3845,3903,3928,3970,3764,3974,3774,3893,4086,3941,3942,3840,3886,3933,3899,3936,4011
104,4065,3848,3897,4026,3928,3881,3828,3990,3977,3916,3786,3967,4022,3878,3860,3895,3954,3982,3798,3903,4038,4014,3874,3898,3781,3958,3969,3903,3971,3990,3818,3897,3976,3997,3926,3813,4033,3889,3905,3903,3940,3777,3985,3896,3869,3883,3801,3958,3904,3991,3899,3919,3948,3738,4008,3950,3919,3761,3811,3904,3862,3819,3876,3983
105,3925,3884,3896,3799,3916,3840,3869,3922,3856,3864,3885,3910,3964,3943,3901,3969,3854,4000,3934,3927,4034,3960,3953,3846,3851,3840,3981,3876,3884,3966,3934,3911,3873,3910,3961,4037,3824,4064,3988,3992,3849,3841,3949,3950,3921,3727,3815,3834,3813,3993,3990,3895,3964,3830,3924,3953,3869,4030,3892,3912,3891,3861,3838,3837
106,3902,3832,3841,3870,3918,3971,3853,3903,3970,3836,3960,4007,3871,3920,3938,3827,3836,3911,3787,3813,3918,3889,4002,3927,3744,3907,3974,3921,3867,3978,3792,3905,3946,3840,3884,3947,3819,3848,3909,3920,3946,3873,3862,3820,3752,3924,3968,3725,3871,3877,3856,3838,3878,3884,3876,3891,3967,3889,3859,3866,4011,3906,3908,3922
107,3925,3872,3906,3962,3845,3997,3840,3909,3933,3871,3932,4015,3873,3887,3956,3915,3886,3919,3951,3975,3878,3903,3842,3903,3917,3912,3938,3938,3989,3955,3921,3928,3859,3846,3910,3984,3890,3884,3841,3867,3978,3882,4066,3902,4017,3950,3790,3798,3797,3911,3827,3956,3808,3968,3849,3849,3957,3813,3912,3909,3890,3867,3953,3968
108,3804,4003,3869,3865,3943,3905,4046,3868,3862,3907,3964,3908,3800,3811,3938,3934,3953,4008,3849,3898,3974,3827,3925,3943,3933,3826,4004,3934,3875,3935,4056,3902,3905,3944,3915,3895,3926,3860,3945,3862,3947,3878,3895,3850,3995,3879,3889,3930,3928,3963,3845,3864,3890,3971,3874,3865,3952,3924,3981,3929,3856,3802,3893,4064
109,3934,3933,3895,3875,3963,3797,3982,3902,3929,3797,3938,3786,3951,3828,3937,3981,3900,4016,3901,3861,3898,3873,3960,3846,3945,3887,4019,3881,3835,3991,3889,3919,3886,3896,3912,3905,3913,3889,3906,3909,3948,3953,3885,3839,3829,3842,3951,3958,3864,3878,3835,3921,3933,3881,3860,3909,3961,3938,3936,3849,3824,3935,3879,3812
110,3985,3933,3968,3963,3888,3901,4053,3884,3915,3795,3936,3875,3841,3926,3921,3898,3820,3813,3914,3984,3956,3951,3922,3927,3978,3841,3815,3822,4033,3891,3872,3936,3773,3859,3815,3927,3885,3832,3855,3902,4098,3714,3802,3909,3906,3933,3907,3837,3834,3872,3889,4001,3899,3991,3954,3848,3876,4055,3952,3828,3927,3918,3922,3807
111,3940,3901,3866,3856,3978,3957,3933,3788,3936,3876,3867,3848,3899,3947,3997,3914,3921,3879,3893,3863,3986,4003,3958,3932,3880,3966,3824,3935,3865,3861,3855,3973,3918,3855,4024,3856,3809,3981,3879,3876,3867,3972,3928,3852,3840,3919,4084,3872,3968,3808,3918,3859,3923,3988,3903,4006,3894,3848,3903,3867,3938,3890,3814,3824
112,4063,3857,3870,4042,3883,3930,3799,3944,3841,3888,3875,3967,3935,3961,3875,3889,3908,3952,3948,3861,3985,3876,4022,3953,3941,3905,3846,4040,3944,3967,3976,3810,3926,3861,3946,3842,3932,3965,3934,3870,3910,3947,3838,3886,3907,3841,3858,3919,3891,3931,3858,3884,4017,3847,3876,3928,3871,3925,4035,3897,3720,3885,3731,3894
113,3879,3913,3929,3970,3938,3944,3888,3813,3959,3905,3952,3939,3907,3873,3861,3927,3790,3983,4003,3919,3811,3960,3927,3893,3932,3955,3921,3978,3966,3879,3880,3925,3900,3818,3873,3981,3869,3893,3866,3899,3924,3856,3940,3818,3906,3876,3943,3877,3948,3943,4011,3889,3873,3801,3899,3836,3993,3875,3886,3878,3841,3883,3924,4035
114,4006,3924,3885,3900,3894,3976,3953,3846,3827,3877,3947,3940,3792,3927,3845,3954,3878,4005,3955,3902,3869,3925,3809,3996,3990,3913,3889,3941,3887,4014,3876,3926,3964,3891,4036,4048,3859,3959,3977,3912,3944,4032,3985,3905,4044,4008,3866,4038,3953,3900,3845,3866,3850,3851,4040,3883,3889,3915,3935,3999,3918,4002,3913,3952
115,3988,3928,3934,3870,3916,3827,3855,3833,3880,3835,3967,3896,3901,3954,3965,3839,3893,3811,3920,4088,3903,4012,3884,3941,3842,3850,3800,3895,3937,4028,3847,3958,3872,3915,3846,3857,3911,3986,3914,3891,3832,3920,3921,3891,3917,3952,3971,3877,3878,3897,3887,3894,3909,3788,3910,3828,3933,3949,3914,3831,3879,3857,3932,3949
116,3897,3875,3794,3973,3940,3926,3991,3816,3872,3839,3835,3949,3897,3831,3901,3885,3988,3893,3848,3813,3951,3870,3954,3882,3949,3905,3806,3890,3896,3823,3746,3917,3950,3878,3856,3812,3833,4017,3913,3930,3890,3989,3948,3898,4014,3897,3937,3946,3898,3906,3879,3825,3892,3992,3989,3832,4057,3897,3902,3905,3814,3951,3934,3927
117,3901,3905,4030,3998,3958,3911,3914,3891,3780,3787,3880,3983,3861,3748,3913,3877,3832,3880,3927,3898,3899,3985,3847,3896,3956,3925,3986,3815,3891,3947,3947,3812,3894,3756,3969,3945,3989,3800,3923,3812,3906,3967,3795,3983,3790,3904,3972,3868,3933,3897,3826,3906,4039,3860,3901,3865,3900,3855,3900,3830,3899,3903,3882,3826
118,3881,3843,3881,3903,3983,3910,3992,3934,3845,3948,3970,3966,4029,3877,3908,3983,3782,3958,3905,3817,4074,3979,3953,3876,3877,3951,3862,4021,3984,3815,3917,4031,3902,4000,3776,3839,3993,3916,3876,3923,3945,3826,3926,3846,3951,3829,3885,3788,3899,3918,3940,3788,3859,4001,3878,3890,3860,3921,3889,3862,3844,3897,3899,3952
119,3884,3919,3952,3871,3914,3800,3938,3887,3917,3914,3972,3961,3839,3887,3886,3866,3899,3896,3934,3970,3912,3949,3946,3870,3981,3960,3916,3846,3819,3848,4036,3879,3895,3996,3795,3990,3859,3955,4059,3885,3858,3799,3862,3829,3981,3933,3882,3866,3882,3927,3852,3848,3966,3961,3906,3951,3820,4020,3989,3936,3922,3928,3933,3886
120,3917,3961,3852,3984,3775,3901,3809,3814,3973,3788,3972,3958,3892,3995,3831,3989,3981,3931,3966,3937,3947,3780,3914,3763,4011,3946,3865,4029,3807,3992,3924,3952,3852,3913,3934,3957,3981,3984,3888,3885,3939,3875,3905,3900,3908,4000,3860,3824,3899,3889,3979,3995,3789,3956,3908,3933,3832,3920,3861,3796,3889,3887,3944,3752
121,3952,3955,3926,3900,3811,3999,3857,4006,3862,3907,3910,3771,3946,3888,3921,4028,3929,3772,3964,3825,4023,3923,3868,3961,3853,3820,3883,3868,4036,3831,3901,3975,3881,3846,3831,3930,3924,3883,3876,3912,3804,3899,3896,3840,3909,3955,3964,3827,3873,3901,3949,3982,3893,3895,3980,3894,3931,3917,3852,3901,3822,3898,3929,3973
122,3897,4035,3890,4056,3883,3971,3906,3861,3919,3955,3847,3937,3908,3911,3815,3918,3894,4030,3886,3882,3960,3987,3879,3960,3865,3945,3870,4012,3910,3837,3952,3892,3922,3962,3825,3890,3858,3779,3891,3791,3831,3897,3928,3858,3861,3912,3824,3993,3843,3873,3981,3879,3947,3885,3754,3900,3909,3901,3904,3945,3932,3815,3980,3850
123,3891,3843,3940,3913,3849,3847,3946,3901,3884,4005,3832,3772,3833,3885,3886,3882,3851,3901,4057,3834,3892,3909,3920,3954,4022,3926,3937,3902,3948,3858,3859,3979,3872,3950,3958,3865,3882,3844,3985,3917,3907,4039,3965,3915,3898,3983,3925,3952,3874,3893,3955,3867,3874,3978,3881,3907,3838,4012,3954,3886,3901,3878,3844,3855
124,3839,3887,3827,3931,3889,3861,3937,3876,3838,3897,3906,3849,3817,3877,3857,3936,3848,3882,3929,3795,3859,3954,3815,3794,3947,3885,3910,3882,3852,3900,3875,4008,3929,3906,3963,3766,3879,3865,3988,3827,3916,3866,3986,3860,3856,3812,3762,3891,3924,3856,3881,3804,3813,3919,4033,3936,3915,3905,3920,3966,3816,3940,3918,3919
125,4032,3875,3902,3978,3865,3876,3891,3889,3872,3997,3887,3909,3988,3811,3946,3921,3957,3907,3917,3865,3990,3828,3841,3900,3974,3903,3889,3862,3938,3806,3891,3897,3860,3877,3992,3866,3975,3911,3902,3935,3871,3940,3926,3913,3881,3890,3967,3998,3949,3949,3876,3824,3817,3956,3899,4017,3900,3838,3937,3860,3897,3904,3928,3991
126,3918,3901,4002,3779,3864,3859,3874,3945,3917,3972,3795,3839,3838,3916,3921,4086,3942,3918,3855,3951,3941,4010,3950,3957,4011,3859,3885,3972,3932,3937,3941,3986,3942,3908,3941,3885,3864,3970,3800,3846,3904,3914,3889,3838,3948,3969,3960,4041,3929,3900,4003,3887,3885,3857,3805,3975,3957,3869,3857,4022,3918,3814,3885,3849
127,3924,3876,3924,3804,3805,3924,3896,3860,3874,4013,3868,3787,3937,3894,3898,3830,3939,3821,3893,3820,3804,3916,3923,3810,3964,3922,3910,3813,3963,3955,3852,3979,3976,4027,3881,3915,3950,3916,3940,3968,4004,3910,3842,3849,3931,3828,3879,3833,3923,3961,3970,3971,3840,3951,4040,3891,3917,3988,3947,3988,3946,3930,3876,4045
128,3930,3844,3932,3946,3948,3985,3947,3871,3831,3773,3930,4002,3980,3914,3884,4011,3896,3792,3848,3915,3854,3894,3842,3958,3849,3930,3962,3840,3899,3981,3856,3916,3935,3916,3895,3833,3986,3806,3896,4008,3929,3841,3921,3889,3777,3988,3875,3913,3870,3914,3990,3865,3959,3958,3908,3825,3783,3891,3888,4012,3939,4014,3960,3994
129,3994,3936,3870,3967,3883,3886,3829,3814,4005,3897,3885,3900,3975,3915,3896,3892,3931,3970,3926,3939,3990,3885,3875,3976,3906,3835,3956,4024,3868,3872,3986,3900,3929,3898,3985,3978,3880,3951,3820,3942,3865,3888,3802,3894,3875,3920,3889,3951,4030,3819,3951,3934,3764,3846,3965,3876,3933,3916,3849,3989,3948,3855,3995,3868
130,3952,3932,3787,3864,3923,3860,3951,3923,3831,3873,3927,3919,3930,3930,3910,3863,3862,4008,3804,3911,3872,3937,3931,3948,3949,3868,3914,3936,3965,3819,3935,3907,3871,3923,3881,3955,4026,3887,3820,3927,3884,3912,3940,3961,3955,3913,3967,3896,3850,3817,3947,3859,3897,3931,3947,3896,3889,3808,3919,3883,3901,3886,3877,4008
131,3928,3872,3898,3887,3836,4006,3912,3973,3978,3897,3891,3894,3833,3841,3818,4002,3944,3884,3889,3899,3958,3829,3898,4014,4016,3974,3960,3903,3870,3919,3863,3866,3940,3793,3919,3868,3829,4007,3974,3814,3973,3959,3906,3865,3901,3941,3925,3920,3933,3988,4015,3865,3918,3832,3903,3863,3791,3850,3883,3926,3858,3798,3966,3963
132,3979,3974,3901,3840,4004,3894,3856,3811,3964,3998,3977,3917,3860,3964,3876,3871,3837,3902,3852,3934,3948,3878,4005,3758,3903,3912,3923,3834,3902,3888,3869,4044,3860,3983,3837,3889,3788,3843,3857,3922,3928,3898,3876,3854,3914,3964,3927,3867,3993,3879,4012,3992,4018,3848,3893,3945,3925,3845,3782,3914,3832,3890,3980,3966
133,3911,3891,3999,3862,3904,3886,3898,3827,3835,3920,3879,3861,3893,3883,3859,3884,3984,3875,3891,3908,3794,3899,3944,3954,3907,3858,3867,4000,3852,3978,3935,3812,3955,3956,3873,3769,3924,3943,3978,3935,3950,3934,3835,3903,3853,3975,3921,3882,3733,3931,3967,3892,3895,4037,3923,3899,3948,3906,3878,3926,3866,4000,3913,3936
134,3841,3935,3848,3839,3874,3867,3861,3887,3881,3911,3938,3795,3938,3849,3876,3875,3899,3855,3909,3868,3891,3913,3942,3850,3941,3924,3936,3929,4000,3931,3962,4001,3863,3973,3915,3965,3982,3806,3896,3891,3972,3943,3878,3959,3883,3786,3892,3931,3882,3874,3986,3883,4103,3935,3891,3928,3839,3946,3951,3934,3774,3915,3977,3956
135,3798,3798,3986,3793,3775,3875,3819,3874,3911,3948,3930,3861,4009,3934,3990,3885,3814,3895,3887,3908,3682,4061,3832,3851,3939,3830,3882,3899,3944,3933,3895,3912,3975,3875,3924,3900,3789,3970,3829,3926,3907,3997,4091,3848,3991,3849,3876,3838,3924,3888,3876,3946,3885,3949,3821,3825,3863,3881,4018,3896,3911,3754,3810,3863
136,3894,3971,3973,3923,3919,3868,3834,3889,3945,4020,3986,3918,4058,3975,3980,3886,3875,3926,4003,3899,3830,4023,3919,3880,3913,3935,3824,3977,3965,3977,3964,3990,4027,3846,3930,3887,3935,3770,3886,3904,3946,3882,3851,3886,3916,3965,3898,3951,3985,3885,4021,3851,3968,3822,3871,3858,3887,3872,3768,3900,3969,3884,3955,3974
137,3915,3907,3844,3871,3762,3958,3908,3853,3956,3996,3928,3868,3876,3790,3988,3929,4019,3886,3948,3892,3861,3862,3936,3845,3845,3855,3987,3950,3972,3905,3963,3920,3940,3835,3926,3899,3838,3916,3940,3981,3927,3924,3835,3937,3885,3951,3951,4001,3997,3952,3934,3809,3954,4007,3904,3926,3820,3968,3905,3960,3904,3894,3974,3938
138,3951,3993,3975,3970,3963,3814,3977,3886,3857,3856,3868,3913,3986,3972,3947,3965,3956,3991,3888,3855,3878,3957,3929,4009,3896,3838,3871,3852,3856,3785,3804,3965,3894,3922,3981,3907,3959,3820,3958,3905,3851,3934,3931,3827,3876,3950,3902,3925,3876,3826,3842,3860,3928,4017,3836,3932,3851,3965,3907,3991,3962,3848,3925,3923
139,3909,3998,3930,3966,3892,3858,3938,3984,3888,3860,3850,3928,3832,3888,3945,3952,3894,3832,3982,3987,4049,3868,3816,3899,3893,3809,3922,3815,3822,3940,3909,3780,3886,3858,3921,3977,3991,3780,3912,3875,3879,3974,3919,3844,3883,3908,3828,3864,3882,3892,3894,3856,3959,3873,3913,3945,3818,3817,4024,3846,3803,3905,3887,3859
140,3980,3883,3962,3862,3911,3907,4030,3921,3921,3951,3985,3877,3795,3893,3864,3761,4033,3880,3753,3808,3925,3963,3874,4055,3973,3886,3874,3893,3935,3930,3748,3905,3909,3931,3955,3902,3942,3885,3838,3885,3949,3945,3882,3872,3876,3917,3791,3883,3841,3881,3952,4002,3913,4008,3926,3733,3954,3911,3907,3846,3896,3903,3941,3917
141,3920,3832,3873,3891,3930,3878,3946,3875,3889,3981,3918,3928,3934,3938,3966,3929,3958,3833,3927,3921,3995,3805,3837,3860,4039,3882,3841,3918,3805,3777,3900,3912,3921,3912,3961,3719,3875,3926,3984,3845,3980,3945,4074,3903,3956,3940,3927,3880,3912,3922,3893,3833,3920,4038,3889,3844,3945,3916,3961,3839,3942,3846,3849,3899
142,3868,3910,3980,3927,3914,4064,3800,3987,3826,3855,3946,3902,3906,3889,3851,3909,3968,3844,3829,3897,3819,3867,3950,3935,3963,3964,3915,3870,3768,3922,3886,3918,3841,3825,3851,3993,3969,3981,3923,3817,3928,3905,3895,3914,3893,3800,3942,4000,3880,3925,3873,4013,4070,3867,3754,3961,3912,3929,3923,3798,3813,3899,4026,3928
143,3935,3821,3930,3933,3942,3890,3938,3815,3898,3929,3941,3957,3964,3963,3895,3897,3887,3907,3914,3883,3867,3960,3916,3837,3903,3873,3931,3884,4016,3873,3788,3869,3914,3818,3892,3866,3865,3892,3837,3951,3914,3816,3956,3871,3955,3906,3895,3928,3848,3884,3876,3985,3830,3921,3846,3874,3887,3796,3903,4003,3864,3830,3865,3923
144,3944,3921,3876,3945,3969,3882,3835,3969,3876,3935,3958,3938,3946,3951,3997,3969,3764,3973,3901,3888,3885,3952,3981,3875,3803,3808,4018,3953,3967,3920,3963,3874,3817,3864,3865,4051,3973,3998,3866,3916,3854,3944,3868,3843,4030,3987,3924,3814,3929,3844,3894,3963,3877,3974,3908,3982,3956,3948,3919,3893,3897,3904,3963,3932
145,3845,3875,3885,3909,3965,3951,3882,3821,3982,3935,3816,3970,3888,3860,3928,3962,3846,3930,4065,3830,3834,3854,3873,4009,3964,3916,3884,3982,3886,4046,3935,3912,3919,3971,3865,4016,3778,3895,3965,3896,3958,3961,3904,3949,3962,3987,3888,3890,3942,3855,3896,3804,3949,3931,3865,3952,4017,3847,3984,3913,3853,3884,3866,3978
146,3976,4008,3896,3869,3961,3999,4094,3843,3861,3903,3831,3899,3890,3946,3881,3919,3963,3989,3969,3852,3919,3842,4027,3857,3888,3984,3798,3890,3934,3848,3869,3798,3767,3962,3928,3999,3842,3877,3941,3945,3830,3777,3937,3741,3985,3879,3832,3920,3882,3941,3896,4009,4054,3802,3831,3865,4058,3901,3892,3877,3934,3851,3929,4002
147,4007,3891,3956,3999,3930,3896,3811,3888,3966,3967,3902,3913,3911,3956,3978,3948,3932,3968,3934,3904,4037,3967,3888,3905,3950,3957,3966,3983,3899,3960,4008,3893,3840,3932,3930,3887,3987,3953,3875,3952,4087,3951,3873,3856,3967,3911,3975,4025,3882,3931,3936,3915,3935,3818,3950,3957,4007,3885,3888,3757,3997,3789,3944,3972
148,3859,3768,3935,3949,3906,3966,4004,3907,3919,3972,3896,3788,3963,3898,3907,3999,3904,3889,3942,3838,3802,3853,3913,3927,3873,3859,3951,3878,3842,4001,4000,3823,3899,3807,4006,3972,3829,3921,3776,3945,3941,3886,3980,3953,3781,3966,3975,3891,3877,3971,3884,3893,3858,3878,3894,3924,3855,3859,3912,3897,3814,3991,3956,3875
149,3827,4061,3976,3907,3898,3900,4016,3884,3887,3953,3852,3924,4087,3944,3899,3875,3858,3916,3883,3919,3921,3892,3850,3915,3923,3937,3881,3927,3856,3921,3886,3798,3915,3962,3903,3981,3836,3903,3938,3869,3870,3961,3826,3976,4044,3857,3854,3905,3823,3933,3887,3839,3924,3734,3859,3843,3897,3851,3864,3683,3883,3960,3869,3919
150,3909,3994,4013,3938,3964,3850,3928,3929,3991,3818,3824,3854,3910,3932,3868,3945,3872,4020,3957,3980,3890,3961,3942,3809,3849,3988,3919,3934,3906,3898,3941,3864,3892,3885,3845,3794,3892,3982,3946,4004,3929,3877,3932,3929,3851,3865,3863,3807,3887,3872,3833,3954,3897,3833,3893,3935,3897,3897,4080,3832,3827,3945,4023,3973
151,3874,3931,3921,3977,3872,3873,4031,3926,3881,3913,3821,3994,3860,3785,3860,3915,3855,3899,3890,3968,3937,3954,3862,3950,3762,3948,3872,3950,3955,3899,4014,3962,3950,3930,3850,3950,3956,3891,3751,3806,3913,3862,3853,3864,3942,3905,3900,3921,3788,3981,3960,3975,3905,3865,3828,3955,3909,3917,3940,3995,3999,4031,3887,3885
152,3898,3956,3890,3963,3868,3961,3851,3949,3945,3926,3880,3956,3980,4041,3897,3951,4001,3852,3934,3887,3770,3909,3959,3889,3908,3964,3895,3852,3928,3870,3924,3944,3812,3801,4072,3816,3881,3884,3964,3922,3963,3878,3961,3882,3988,3982,3982,3976,3917,3961,3876,4020,3950,3851,3858,3938,3936,3967,3877,3873,3951,3937,4023,3875
153,4036,3937,3809,3832,3860,3975,3941,3944,3787,3803,3806,3901,3838,3933,4053,3918,3977,3907,3832,3922,3975,3895,3967,4005,3844,3954,3931,3773,3809,3843,3926,3910,3892,3946,3919,3976,3922,3899,3875,3817,3880,3897,3809,3856,3912,3862,3948,3961,3779,3763,3917,3897,3881,3873,3916,3833,3855,3982,3870,3931,3840,3956,3902,3906
154,3917,3915,3937,3906,3863,3942,3939,3879,3894,3841,3937,3992,3784,3923,3887,3862,4081,3909,3819,3840,3979,3897,4048,3901,3869,3919,3853,3849,3980,3912,3919,3968,3988,3910,3876,3924,3907,3681,3845,3952,3894,3874,3945,3916,3869,3882,4004,3898,4060,3941,3827,3789,3995,3967,3906,3899,3980,3846,3874,3994,3924,3900,3905,3918
155,3891,4050,3962,3813,3859,3901,3946,3968,4012,3899,3951,3892,4017,3858,3879,3939,3880,3940,3969,3869,3918,3892,3895,3885,3917,3882,3841,3900,3764,3802,3935,3878,3939,3919,3920,3950,3774,3856,3886,3978,3812,3974,3921,3967,3882,3860,3856,3973,3936,3951,3968,3882,3845,3838,3973,3914,3953,3936,3938,4002,3948,4004,3787,3871
156,3948,3810,3946,3962,3912,3885,3966,3838,3938,3772,3873,3810,3828,3937,4015,3832,3832,3940,3909,3985,3978,3915,3919,3991,3872,3900,4003,3992,3964,3914,4000,3965,3961,3958,3914,3992,3880,3940,3889,3924,3968,3953,3896,3970,3936,3922,3947,3906,3966,3863,4018,3908,3845,4005,3948,3928,3869,3880,3922,3906,3818,3962,3801,4027
157,3951,3870,3961,3832,3922,3890,3849,3847,3901,3962,3864,3897,3981,3941,3888,3918,3863,3869,3891,3984,3904,4059,3850,3853,3895,3883,3959,4001,3778,3829,3858,3875,3960,3893,3918,3805,3895,3914,3979,3880,3895,3837,3810,4047,3887,3915,3893,3907,3881,3889,3901,3887,3858,3960,3972,3822,3993,3780,3920,3798,3927,3965,3884,3824
158,3966,3853,3923,3744,3782,3954,3893,3852,3900,4031,3866,3890,3763,3882,3882,3846,3879,3950,3860,3958,3887,3817,3942,3974,3957,3818,3938,4020,3942,3889,3915,3850,3906,3880,3956,3929,3931,3888,4009,3916,3978,3867,3801,3829,4057,3917,3988,3907,3908,3966,3831,3946,3847,3853,3903,4010,3910,3946,3934,3886,3925,3806,3939,3938
159,3963,3949,3892,3832,3892,3893,3983,3837,3915,3799,3889,3961,3881,3897,3893,3916,3946,3882,3955,3737,3910,4012,3790,3816,3858,3897,3819,3820,3859,3847,3885,3923,3939,3777,3958,3903,3896,3908,3901,3937,3895,3880,3895,3811,3896,3928,3848,3849,3885,3762,4003,3869,3929,3881,3982,4034,3941,3897,3867,3973,3906,3835,3956,3850
160,3776,3893,3849,3877,3788,3806,3981,3875,3930,3834,3967,3906,3893,3854,3759,3918,4011,3978,3948,4004,3881,3823,3907,3880,3893,4010,3841,3966,3786,3847,4069,3976,3886,3979,3817,3909,3895,4039,3969,3923,3868,3815,3866,3878,3866,3942,4006,3868,3968,3933,3909,3851,3987,4026,3879,3906,3833,3952,3981,3821,3960,3936,3904,3937
161,3904,3825,3886,3882,3839,3849,3899,3938,3917,3888,4011,3890,3966,3903,3842,3961,3889,3861,3876,3903,3748,3901,4010,4025,3847,3901,3857,3875,3833,3821,3922,3875,3875,4047,3961,3854,3877,3942,3861,4000,3875,3996,3873,3956,3922,3927,4015,3878,3844,3945,3946,3834,3880,3986,3962,3886,3955,3932,3947,3950,3880,3939,3820,3895
162,3898,3961,3979,3892,3854,4016,3991,3872,3882,3991,3918,3869,3832,3860,3933,3784,3905,3905,3959,3945,3906,3880,3910,3890,3906,3868,3909,3988,4020,3824,3903,3829,3906,3889,3956,3857,3830,3878,3895,3885,3892,3843,3944,3877,3872,3927,3871,3797,3908,3839,3947,3821,3798,3983,3816,3949,4070,3969,3846,3866,3952,3930,3771,3835
163,3934,3879,3802,3923,4043,3809,3862,3927,3963,3886,4001,3978,3892,3875,3889,4010,3977,3895,3848,3994,3856,3824,3978,3919,3780,3836,4047,3842,3889,3944,3940,3787,3887,3907,4023,3970,3942,3997,3971,3889,3714,3914,3845,3946,3959,3857,3938,3972,3866,4068,3852,3897,3949,3918,3955,3808,3929,3896,3900,3816,3911,3875,3942,3910
164,3933,3995,3857,3770,3876,3966,3960,4022,3898,3894,3959,3913,3969,3974,3906,3913,3868,3852,3901,3755,3980,3982,3889,3835,3960,3859,3856,3899,3849,3885,3871,3932,3973,3989,3952,3860,3964,3919,3817,3874,3983,3805,3817,3969,3894,3858,3869,3868,3927,4030,3834,3984,3935,3808,3871,3919,3846,4025,3811,3856,3906,3968,3936,3876
165,3900,3915,3990,4016,4032,3922,3908,3797,3928,3839,3877,4000,3807,3892,3952,3989,3951,3934,3869,3879,3942,3858,3908,3885,3898,3950,3851,3900,3930,3996,3901,3862,3962,3937,3838,3823,3871,3877,3785,3973,3815,3866,3919,3814,3933,3884,3845,3975,3878,3887,3955,3928,3969,3789,3792,3923,3854,3979,3957,3865,3869,3890,3822,3868
166,3950,3871,3946,3958,3919,3897,3964,3946,3906,3800,3962,3907,3889,3917,3848,3832,3907,3922,3919,4001,3875,3916,3839,3822,3843,3860,3761,3787,3887,3872,3901,3909,3831,3972,3921,3999,3854,3843,3892,3947,3837,3984,3798,3911,3970,3935,3913,3915,3900,3967,3956,3882,3991,3757,3997,3968,4013,3835,4003,3882,3910,4001,3936,3976
167,3958,3933,3937,3981,4011,3898,3954,3865,3826,3896,3915,3930,3953,3922,4028,3952,3831,4053,3873,3865,3951,3810,3939,3973,3867,3905,3953,3900,3860,4004,3958,3856,3855,3961,3839,3923,3878,3824,3901,3954,3900,3874,4008,3870,3874,3980,3960,3927,3848,3943,3823,3970,3902,4135,3920,3891,3893,3897,3847,3848,3975,3853,3934,3984
168,3956,3860,3942,3856,3892,3872,3972,3880,3961,3848,3934,3937,3940,3843,3982,3903,3920,4048,3862,3859,4076,3918,3927,3888,3919,3931,3896,3884,4025,3840,3915,3893,3933,3936,3992,3803,4009,3932,3907,3862,3798,3805,3856,3945,3891,3834,3980,3858,3956,3941,3917,3859,3917,3940,3910,3977,3786,3885,3798,3798,3864,3821,3901,3797
169,3932,3838,4023,3853,3766,3929,3897,3883,4007,4017,3871,3963,3952,3913,3915,3926,3889,3691,3896,3854,3949,3916,3856,3879,3955,3954,3932,3925,3829,3877,3881,3887,3856,3992,3925,3995,3856,3881,4074,3752,3829,3886,3919,3977,3996,3882,3905,3807,4000,3775,3943,4002,3906,3934,3817,3925,3926,3929,3821,3804,3895,3904,3828,3813
170,3966,3895,3920,3915,3866,4031,3858,3969,3841,3854,3840,3923,3793,3886,3995,3940,3903,3988,3935,3917,3808,3785,3856,4096,3993,3922,3960,3822,3893,3963,3918,4014,3884,3836,3976,3809,3895,3820,3848,3920,3861,3919,3853,3854,3805,3904,3823,3925,3930,3848,3914,3965,3925,3834,3806,3907,3878,4062,3765,3993,3850,3961,3974,3891
171,3815,3934,4021,3935,3899,3854,3910,3804,3882,4114,3955,3810,3894,3914,3916,3953,3838,3795,3837,3910,3980,3826,3891,3903,3950,3957,3907,3947,3914,3887,3915,3902,3951,3868,3857,3829,3926,3753,3912,3827,3842,3958,3946,3955,3921,3982,3856,3798,3942,3933,3980,3924,3960,3841,3997,3882,3909,3913,3853,3862,3955,3918,3939,3964
172,3939,3795,3978,3979,3869,4000,4007,3847,3863,3820,3966,3894,4040,3834,4026,3746,3905,4077,3828,3884,3943,3957,3933,3754,3897,3977,3879,3977,3853,4013,3964,3941,3933,3793,3866,4042,3954,3887,3822,3888,3942,4043,3860,3931,3958,3839,3949,3929,3839,3832,3920,3911,3988,3892,3848,3933,3963,3966,3998,3923,3918,3869,3961,3959
173,3897,3924,3976,3889,4052,4000,3958,3797,3954,3869,3866,3865,3823,3931,3860,3931,3874,3963,3896,3908,3916,3871,3878,3797,3874,3894,3805,3874,3911,3867,3844,3824,3799,3941,3969,3942,3941,3762,3857,3887,3875,3781,3954,4036,3833,3940,3895,3909,4029,3958,3887,3969,3869,3962,4023,3792,3843,3735,3929,3983,3980,3961,3842,3758
174,4000,3961,3847,3840,3908,3967,3872,3903,3865,3832,3762,3857,3868,3860,3972,3876,3952,3917,4007,3829,3787,3853,3946,3839,3917,3919,3926,3976,3943,3791,4022,3929,3808,3912,3882,3856,3863,3858,3888,4022,3886,3976,3981,3933,3888,3875,3844,3889,3917,3886,3828,4043,3832,3853,3856,3852,3857,3825,3980,3792,3978,3970,3902,3933
175,3943,3812,3935,3886,3852,3897,3942,3840,3866,3766,3881,3940,3833,3857,3914,3939,3942,3984,3921,4069,3795,3847,3854,3928,3860,3980,3933,4033,3961,3888,3949,3866,3904,3961,3860,3830,3846,4078,3865,3906,3946,3844,3887,3886,3941,4021,3999,3947,3933,3888,3888,4015,3901,3883,3965,3884,3838,3950,3960,3855,4040,3830,3969,3833
176,3858,3864,3944,3904,3841,3953,3960,3878,3955,3886,3960,3787,3866,3885,3887,3814,3880,3914,3861,4017,3912,3857,3888,3899,3929,3967,3888,3843,3867,3875,4057,3931,3978,3916,3887,3969,3899,3919,3932,3918,3916,3923,3916,3928,3936,3874,3806,3889,3829,3808,3966,3825,4062,3884,3912,3857,3840,3975,3836,3901,3907,3855,3898,3980
177,3858,3959,3839,3885,3902,3994,3929,3966,3975,3982,3941,3922,3911,4018,3945,3941,3815,3928,3935,3915,3901,3873,3847,4007,4033,3764,3839,3882,3874,4032,3835,3918,3920,3857,3864,3948,3866,3902,3794,3895,3863,3927,3953,3879,3944,3818,3937,4033,3969,3860,3866,3960,4003,3938,3900,3907,3993,3975,3946,3855,3938,3919,3935,4019
178,3884,3987,3882,3996,3784,3933,3965,3950,3872,3879,3933,3839,3910,3927,3776,3935,4001,3959,3862,3850,3885,3964,3938,3962,4007,3957,3959,3921,3942,3918,3991,3882,3953,3943,3939,3903,3927,3950,3907,4004,3914,3862,3944,3956,3870,3900,3817,3901,4031,3949,3946,3879,3933,3845,3838,3952,3961,3850,3831,4009,3982,3992,3880,3713
179,3894,3832,3865,3964,3916,3917,3889,3902,3845,3936,3942,3882,4044,3898,3872,3933,3786,3878,4003,3858,3907,3960,3921,3913,4063,3936,4055,3916,3903,3919,3863,3811,3970,3873,3890,4080,4052,3962,3875,3786,3964,3892,3892,3901,3846,3950,4008,4071,3812,3889,3884,3983,3898,3943,3861,3949,3814,3808,3950,3886,3902,3959,3954,3984
180,3762,3912,3921,3863,3894,3786,3801,3873,3954,3920,4021,3848,3931,3875,3974,3857,3870,3855,3795,3837,3889,3826,3782,3956,3918,3879,4070,3924,4041,3852,3863,3878,3853,4012,3979,3975,4042,3736,3964,3898,3933,3899,3924,3982,3983,3816,3823,3971,3827,3944,3828,3809,3876,4120,3836,3893,3781,3897,4021,3930,3923,3930,3976,3889
181,3889,3956,3924,3926,3965,3814,3902,3912,3845,3811,3704,3832,3914,3871,3886,3969,3876,3881,3967,3833,3932,3893,3874,3788,4007,3851,3846,3843,3851,3860,3803,3953,3956,3954,3905,3972,3956,3931,3999,3890,3900,3913,3909,3878,3891,3905,3931,3877,3979,3916,3836,4028,3993,3872,3941,3862,3872,3965,3919,3934,3898,3814,3898,3900
182,3961,3909,3850,4016,3932,3867,3940,3908,3861,3903,3851,3830,3883,3842,3890,3932,3887,3925,3923,3943,3960,3781,3854,3815,3749,3742,3867,3939,3956,3839,3911,3930,4043,3933,3831,3967,3865,3902,3889,3985,3894,3763,3885,4015,3917,3876,3827,3949,3952,3876,3963,3818,3834,3838,3874,3932,3970,4013,3883,3931,3935,3945,3966,3821
183,3957,3953,3814,4026,3902,3897,3846,3865,3902,3815,3914,3988,3800,3850,3887,3983,3888,3796,3956,4005,3979,3998,3909,3804,3904,3867,3940,3863,3920,3804,3808,3905,3875,3819,3849,3869,3894,3867,3882,3853,3891,3971,3901,3950,3866,3871,3900,3926,3934,3964,3843,3894,4048,3885,3833,3936,3870,3830,3783,3949,3989,3903,3846,3894
184,3934,3900,4006,3963,3905,3968,3845,3983,3937,3908,3784,3867,3913,3937,3837,3893,3824,3981,3832,3872,3929,3902,3807,3933,3939,3998,3917,3864,3876,3885,3893,3883,3844,3984,3949,3934,3956,3919,3825,3933,4026,3943,3979,3942,3889,3957,3902,3965,3993,3936,3915,3975,3842,3860,3786,3941,3873,3876,3933,3992,3996,3993,3895,3965
185,4024,4007,3920,3950,3826,3970,3754,3928,4026,3881,3812,3941,3767,3955,3910,3824,3872,3811,3844,3945,3778,3881,3841,3865,3804,3921,3845,3913,3814,3844,4046,4021,3875,3936,3890,3849,3904,3846,4013,3912,3872,3849,3866,3903,3932,3821,3951,4011,3891,3929,3951,3907,3804,3938,3852,3906,3915,3860,3947,3946,4006,3970,3814,3971
186,3945,3849,3985,3938,3835,3889,3777,3908,3891,3878,3918,3876,3975,3915,3832,3970,3852,3962,3956,3891,3865,3879,3866,3880,3917,4005,3975,3939,3856,3908,3910,3905,3835,3860,3907,3828,3972,3854,4003,3890,3917,3761,3994,3937,3848,3933,3937,3788,3838,3900,3860,3934,3964,3991,3994,3961,3916,3970,3884,3931,3888,3935,3853,3955
187,3893,3931,3865,4000,3890,3822,3888,3870,3875,3986,3863,3875,3954,3891,3986,3960,4096,3933,3888,3872,3958,3776,3901,3919,3924,3885,3913,3825,3930,3968,4000,3933,4035,3851,3879,3890,3927,3884,3928,3925,3944,3974,3863,3917,3863,3984,3906,3904,3917,4018,3966,3921,3930,3763,3898,3844,3992,3922,3787,3935,3850,3897,3891,3913
188,3973,3858,3942,3837,3780,3857,3854,3945,3845,3871,3955,3922,3931,3994,3852,3922,3961,3834,3954,3839,3876,3900,3824,3829,3878,3829,3920,3980,3952,3868,3994,3940,3951,3810,3891,3910,3939,3862,3986,3881,3833,4054,3961,3901,3948,3980,3779,3957,3887,3982,3985,4002,3977,3934,3926,3881,3791,3920,3868,3997,3893,3949,3969,3845
189,3818,4021,3856,3917,3898,3871,3916,3991,3873,3972,3900,3922,3861,3843,3924,3955,3793,3823,3942,3876,3768,3905,3919,3897,3864,3929,3941,3924,3943,3974,3900,3941,3853,3925,3941,4006,3784,3855,3933,3897,3947,3916,3781,3956,3922,3931,3881,3760,3938,3989,3870,3832,3911,3895,3887,3849,3850,3984,3891,3988,3969,3952,3842,3897
190,3935,3818,3861,3864,3747,3929,3808,3969,3918,3949,4046,3904,3835,3905,3988,3977,3950,3878,3865,3851,3817,3936,3918,3889,3926,3883,3869,3926,3921,3781,3878,3799,3831,3994,3893,3905,3877,3972,3743,3900,3982,3746,3866,3986,3867,3957,3809,3953,3978,3879,3926,3794,3843,3858,3816,3796,3859,3857,4023,3990,3956,3884,3873,3888
191,3930,3810,3997,3924,3878,3863,3925,3973,3796,3975,3807,3954,3854,3916,3923,3852,3882,3836,3950,4005,3826,3899,3850,3915,3878,4004,3894,3844,3944,3860,3895,3871,3850,3908,3977,3837,3845,3854,3896,3972,3898,3887,3796,3944,4028,3951,3914,3903,3898,3916,3902,3973,3905,3855,3831,3890,4105,3829,4036,4010,3858,3863,3855,3909
192,4022,3965,3987,3973,3830,3832,3894,3863,3874,3888,3831,3927,3910,3825,3904,3914,3905,4007,3884,3912,3926,3855,3840,3933,3895,3938,3873,3878,3788,3905,3777,3818,3945,3905,3945,4033,3815,3941,3996,3921,3902,3946,3940,3998,3984,3931,3924,3981,3888,3879,3866,3964,3858,3969,3912,3828,3983,3872,3858,3998,3939,3900,3801,3925
193,3895,3874,3964,3898,3917,3987,3853,3974,3850,3932,3926,3847,3883,3832,3860,3747,3933,3893,4002,3956,3902,3905,3864,3968,3874,4032,3901,3824,3911,3857,3882,3887,4034,3903,3816,3853,3913,3931,3968,3905,3952,3912,3935,3882,3944,3924,3924,3913,3939,3855,3802,3927,3836,4030,3895,3935,3917,3920,3903,3899,3791,4007,3783,3845
194,3832,3954,3807,3892,4019,3905,3885,3779,3841,3919,3849,3859,3957,3914,3913,3912,3979,4066,3956,3979,3925,3914,3758,3991,3958,3874,4005,3863,3929,3941,3892,3959,3992,3898,3848,3924,3891,3836,3855,3921,3795,3914,3922,3903,3856,3958,3927,3898,3955,3896,3964,3915,3917,3803,3850,3897,3914,3878,3848,3956,3949,3957,3930,3872
195,3866,3985,3858,3887,3977,3917,3886,3972,3987,3934,3904,3986,3960,3931,3961,3901,3953,4079,3920,3950,3889,3882,4009,4013,3968,3960,3905,3951,4002,3816,3888,3856,3866,3890,3950,3970,3884,4007,3941,3847,3863,3892,3876,4005,3944,3963,3988,3910,3984,3969,3913,3951,3907,3969,3872,3917,3883,3853,4025,3838,3921,3901,3947,3844
196,3969,3987,3868,3990,3997,3805,3927,3880,3832,3960,3884,3961,3922,3902,3787,3981,3964,3941,3842,3807,3857,3902,3835,3845,3880,3869,3882,3878,3841,3883,4001,3927,3981,3872,3888,3869,3827,3929,3880,3872,3924,3896,3895,3924,3936,3938,3847,4035,3771,3961,3959,3954,3918,3872,3985,3820,3969,3896,3878,3867,3913,3855,3875,3957
197,3842,3931,3854,3902,3941,3926,3938,3918,3917,3884,3923,3874,3999,3949,3697,4011,3867,3909,3961,3931,3959,3886,3951,4053,3901,3866,3978,3835,3979,3944,3837,3896,3871,3855,3818,3860,3852,3874,3938,3955,4001,3821,3994,3870,3866,4059,3899,3902,3865,3913,3937,3983,3876,3853,3868,3935,3891,3866,3943,3946,3864,3924,3843,3823
198,3913,3924,3931,3943,3908,3917,3947,3915,3843,3900,3953,3918,3913,3939,3923,3927,3916,3925,3957,3936,3857,3897,3958,3915,3976,3950,3845,3876,3871,3890,3996,3858,3836,3920,3910,3872,3861,3994,3926,3907,3891,3916,3876,3931,3870,3868,4018,4000,3886,3956,3930,3918,3862,3879,3954,3926,3813,3969,3918,3833,3889,3864,3957,3957
199,3816,3903,3941,3922,3807,3926,3797,3885,3899,3919,3929,3961,3962,3927,3893,3894,3918,3762,3819,3993,3834,3829,3951,3826,3919,3915,3874,4020,3921,3819,4024,4028,3853,3946,3876,3911,3910,3953,3926,3893,3930,3935,3879,3964,4003,3878,3969,3969,3928,3930,3923,3933,3933,3853,3777,3910,3802,3834,3949,3945,3970,3898,3873,3988
200,3841,3744,3945,4008,3816,3910,4034,3844,3794,3958,3882,3881,3984,3769,3868,3868,3831,3946,3880,3934,3891,3853,3845,3901,3940,3937,3919,3910,3961,3955,3999,3905,3876,3820,3895,3991,3923,3882,3839,3883,3934,4032,3961,3887,3871,3878,3836,3921,3792,3929,4082,3862,3994,3951,3887,3870,3831,3950,3766,3943,3917,3824,3961,3954
201,3932,3923,3931,3807,3894,3915,3950,3806,3847,3957,3970,3912,3810,3962,3980,3884,3920,3990,3857,3945,4020,3940,4026,3971,3920,3986,3838,3991,3779,3940,3860,3990,3947,3926,3888,3929,3888,3861,3981,3926,3919,3916,4011,3878,3926,3964,3978,3982,4024,4022,3846,3921,3923,3903,3919,4044,3913,3860,3795,3849,4031,3907,3921,3827
202,3985,3933,3960,3888,3946,3914,3964,3868,3873,4058,3932,3960,3980,3872,3862,3906,3816,3827,3912,3928,3929,3852,3924,3912,3798,3926,3875,3871,3977,3871,3883,3869,3841,3950,3989,3922,3882,3923,3924,3856,3903,3853,3881,3795,3891,3887,3881,3920,3944,3917,3879,3846,3818,3854,3953,4058,3904,3912,3979,3998,4031,3965,3969,3793
203,3893,3885,4006,3830,3834,3833,3771,3907,3801,3916,4007,3902,4091,3872,3932,3899,4000,3944,3878,3964,3964,3834,3875,3955,3969,3920,3852,3912,3791,3997,3856,3929,3928,3981,3892,3894,3977,3949,3918,3955,3721,3938,3886,3880,3857,3878,3853,3875,3871,3775,3872,3996,3905,3906,3874,3864,3890,3922,3857,3899,3862,3932,4008,3849
204,3850,3866,3985,3924,3936,3935,3939,3926,3855,3803,3925,3910,3916,3927,3894,3875,3894,3872,3844,4009,3953,3871,3869,3787,3973,3928,3932,3932,3817,3983,3991,3856,3942,3963,3917,3928,3955,3861,3863,3856,3821,3851,3929,3862,3922,4106,4000,3956,3896,3827,3904,3961,3855,3835,3907,3964,3994,3833,3916,3882,3849,3977,4007,3904
205,3899,3970,3942,3836,4026,3927,3992,3864,3878,3912,3882,3884,3942,3892,3920,3881,3859,3960,3884,3888,3909,4033,3961,3900,3935,3889,3961,4004,3821,3941,3977,3911,3891,3975,3906,3868,3961,3900,3895,3865,3944,3876,3862,3898,4004,3894,3955,3915,3918,3818,3920,4032,4007,3857,3912,3865,3928,3833,3900,3889,3960,3918,3745,3842
206,3861,3897,3860,3826,3940,3909,3936,3894,3833,3879,3880,3887,3942,3888,3886,3933,3978,3908,3976,3866,3866,3918,3960,3895,3936,3924,3879,3828,3919,3886,3834,3835,3776,3922,3964,3817,4005,3868,3949,3869,3891,3919,3899,3868,3860,3902,3959,3945,3962,3934,3888,3867,3934,3871,3953,3915,3877,3881,3967,3984,3893,3885,3907,3836
207,3940,3983,3900,4013,3843,3881,3900,4017,3978,3884,3956,3824,3800,3939,4035,3979,3907,3940,3876,3932,3868,3795,3934,3945,3917,3958,3894,3969,3969,3882,4012,3810,3869,3927,3974,4084,3937,3888,3892,3916,3849,3950,3904,3749,3882,3790,3866,3853,3889,3923,3875,3922,3828,4040,3990,3909,3849,3972,3879,3911,3897,3838,3841,3835
208,3814,4012,3731,3906,3863,3896,3900,3960,3962,3835,3993,3852,3837,3861,3882,3937,3968,3813,3960,3878,3915,4031,3844,3947,3874,3973,3958,3828,3930,3857,3888,3963,3773,3941,3896,3887,3925,3984,3741,3983,3878,3846,3984,4020,3902,3820,3844,3835,3943,3883,3799,3940,3972,3839,3915,3947,3927,3877,3918,3920,3997,3941,3913,3946
209,3878,3913,3826,3916,3977,3889,3930,3912,3974,3817,3782,3999,3863,3872,3884,3856,3838,3895,3930,3924,3907,3915,3902,3895,3951,3869,3978,3997,3871,3818,3847,3946,3965,3891,3779,3932,3948,3986,3891,3887,3851,3978,3925,3897,3899,3930,3910,3982,3930,3950,3984,3818,4051,3772,3796,3856,3917,3917,3830,3776,3883,3900,3858,3868
210,3886,4022,3758,3913,3994,3802,3950,3947,3972,3983,3855,3894,3941,3899,3971,3881,3905,3876,3920,3851,3964,3884,3899,3823,3884,3885,3931,4012,3855,3771,3904,3932,3838,3931,3812,3905,3881,3965,3939,3942,3853,4008,3904,4006,3929,3839,3931,3864,3824,3908,3940,3957,3963,4068,3790,3977,3951,3864,3819,3930,3921,3957,3874,3802
211,3877,3971,3810,3979,3879,4020,3843,3874,3936,3978,4014,3929,3874,3892,3920,3843,3858,3858,3959,3869,3842,3865,3923,3872,3861,3796,3906,3794,3973,3887,3852,3898,3911,3903,4038,3911,3873,3933,3942,4099,3935,3952,3836,3908,3986,3902,3897,3943,3871,3925,3888,3935,3875,3821,3954,3869,3873,3943,3858,3757,3917,3946,3943,3828
212,3786,3946,3784,3989,3981,3929,3901,3927,3934,3983,3858,3867,3882,3934,3873,3936,3928,3971,3895,3927,3959,3895,3884,3924,3882,3905,3934,4029,3949,3902,3823,3869,3822,3820,3891,3879,4003,3954,3842,3840,3873,3855,3947,3860,3933,3958,3895,3968,3923,4007,3969,3890,4023,3962,3920,3873,3951,3934,3974,3885,3970,3868,3864,3869
213,3886,3898,3965,3877,3967,3782,3928,3983,3875,3943,3946,3945,3995,3885,3855,3887,3935,4015,3951,4075,3943,3844,3938,3878,3887,3984,3913,3879,3909,3951,3850,3849,3900,3840,3799,3894,3825,3955,3884,3758,3868,3968,3848,3937,3948,3848,3935,3863,3944,3951,4030,3903,3864,3916,3886,3871,4016,3939,3978,3879,3990,3917,3913,3820
214,3976,3845,3896,3850,3944,3792,3932,3940,3919,3958,3945,3830,4004,3838,3926,3962,3968,3878,3866,3988,4030,3921,3957,3857,3962,3855,3856,3884,3915,4022,3828,3901,3953,3911,3981,3807,3844,3891,3992,3838,3886,3880,3920,3929,3854,3859,3931,3996,3871,3940,3927,3940,3874,3985,3847,3847,3895,4009,3963,3929,3905,3809,3851,3830
215,3891,3923,3957,3814,4028,4023,3774,3884,3881,3928,3848,3877,3933,3896,3935,3825,3958,4004,3946,3900,3900,3970,3984,3998,3901,3880,3922,3868,3988,3930,3950,3884,3897,3881,3779,3958,3845,3864,3870,3972,3923,3999,3827,3815,3933,3817,3813,3931,3964,3939,3960,3976,3812,3899,3948,3838,3891,3906,3926,3910,3819,3888,3922,3989
216,3958,3811,3903,3960,3830,3953,3837,3979,3845,3928,3899,3826,3862,3933,3878,3860,3979,3944,3954,3959,3818,3937,3987,3951,3941,3871,3898,3914,3927,3881,3899,3939,3889,3913,3965,3885,3870,3910,3783,3992,3898,3797,3892,3930,3782,3864,3931,3851,3915,3913,3971,3779,3935,3900,3919,3934,3933,3833,3917,3853,3917,3809,3973,3865
217,3895,3975,3901,4010,3842,4025,3904,3886,4043,3800,3926,3887,4030,3863,3929,3959,3878,3912,3930,3920,3829,3891,3801,3925,3899,3963,3895,3950,3825,3883,3861,3968,3983,4067,3987,3986,3868,3889,3897,3864,3881,3917,3841,3964,3903,3857,3902,3901,3827,3820,3887,3909,4015,3991,3954,3894,3872,3925,3865,3889,3979,3921,3958,3847
218,3998,3900,3963,3922,3897,3833,3915,3981,3999,3925,3869,3898,3882,3824,3897,3838,3787,3909,3871,3761,3827,3894,3859,3930,3903,3960,3911,3888,3924,4039,3900,3809,3991,3880,3961,3985,3953,3937,3964,3917,3932,3897,3784,3850,3940,3872,3815,3977,3895,3979,3919,3882,3891,3893,3828,3888,3944,3891,3926,3958,3822,3888,3874,3830
219,3924,3984,3863,3877,3871,3963,3859,3951,3905,4016,3920,3901,3838,3799,3947,3930,4018,3877,3975,3848,3821,3880,3955,3906,4053,3938,3928,3882,3840,3873,3760,3819,3893,3911,3900,3959,3882,3901,3782,3939,3895,3982,3945,3950,3834,3990,3787,3856,3716,4009,3920,3902,3899,3947,3949,4066,3908,3985,3757,3811,3873,3846,3920,3947
220,4004,3975,3847,3950,3899,3884,3808,3954,3815,3835,3928,3955,3819,3988,3868,3804,4018,3876,3918,3911,3963,3940,3960,3933,3960,3980,3929,3884,3924,3967,4076,3911,3916,3883,3917,4079,3818,3895,3942,3947,3893,3988,3919,3907,3987,3791,3921,3902,3866,3717,3846,3881,3883,4002,4009,4020,3824,3976,3885,3947,3805,3825,3846,4045
221,3954,3902,3914,3871,3882,3925,3910,3907,3972,3972,4010,3923,3820,3842,3885,3894,3782,3968,4016,3827,4037,3866,3884,3773,3880,3861,3930,3935,3915,3954,3941,3909,3989,3905,3883,3952,3940,3993,3892,3871,3943,4049,3865,3850,3868,3934,3973,3853,3822,4011,3911,3918,3865,3915,3947,3958,3928,3794,3892,3917,3937,3972,3897,3972
222,3957,3758,3882,3899,3884,3956,3880,3946,3941,3958,3864,3951,3915,3831,3965,3756,3859,3942,3941,3970,4007,3987,3998,3881,3956,3908,3954,3874,3912,3940,3896,4027,3880,3976,3926,3904,3923,3965,3905,3890,3932,3755,3834,3892,3919,3840,3938,3976,3967,3857,4010,3884,3780,4030,3948,3863,3886,3937,3909,3884,3837,3892,3837,3903
223,3869,3944,3869,3924,3877,3919,3903,3738,3985,3950,3950,4000,3865,3799,3975,3863,3884,3826,3959,3922,3885,3885,3775,3771,3868,3933,3926,3928,3744,3793,3804,4016,3956,4026,3927,3921,3963,3805,3895,3825,3979,4030,3991,3829,3868,3938,3919,3903,3894,3834,3822,3972,3990,3894,3877,3845,3880,3894,3897,3907,3947,3819,3895,3979
224,3885,3883,3900,3790,3845,3898,3869,3852,3862,3942,3869,3965,3861,3869,3906,3820,3840,4007,3898,3957,3920,3888,3974,3965,3927,3868,3817,3877,3954,3961,3984,3923,3886,3790,3977,3915,3887,4048,4010,3853,3861,3914,3999,3950,3890,3872,3829,3914,3924,3894,3843,3911,3934,3767,3981,3795,3838,3934,4009,3842,3974,3827,3937,3951
225,3846,3877,3931,3807,3790,3976,3914,3940,3885,3987,3835,3888,3802,3850,4006,3949,3992,3879,3826,3927,3843,3909,3885,3946,3953,3920,3903,3960,3947,3862,3838,3920,3951,3867,3859,3911,3974,3886,3823,3888,3928,3922,3890,3952,3900,3857,3955,3909,3863,3847,3850,4032,3924,3890,3915,3881,3981,4107,3771,3827,3822,3817,3914,3865
226,3879,3933,3851,3895,4023,3805,3954,4043,3855,3972,4035,3818,3890,3928,3907,3803,3877,4018,3947,3880,3808,3993,3900,3834,3813,3908,3887,3866,3897,3880,3925,3901,3996,3930,3847,3934,3755,4020,3908,3947,4011,3752,3854,3916,4014,3926,3921,3868,3947,3950,4005,3885,4029,3857,3948,3828,3998,3869,3803,3881,3899,3887,3955,3852
227,3926,4025,3935,3906,3759,3846,3947,3910,3889,3772,3864,3874,3977,3998,3925,3886,3924,3947,3924,3917,3890,3912,3893,3873,3943,3982,3801,3896,3885,3930,3927,3884,3817,3880,3964,3976,3923,3767,3928,3888,3960,3941,4017,4025,3872,4044,3865,3830,3943,3972,4053,3939,3876,3805,3887,3886,3856,3896,4017,3903,3899,3933,3909,4034
228,3788,3936,3895,3876,3907,3942,3861,3886,3912,3988,3823,3966,3843,3970,3921,3850,3965,3965,3949,3874,3885,3935,3896,3936,3841,4001,3950,3838,3862,3848,3768,3957,3979,3952,3842,3867,3902,3907,3903,3891,3939,3865,3832,3922,3895,3851,3911,3775,3895,3837,3911,3938,3970,3825,3927,3865,3939,3917,3877,3969,3871,3891,3853,3833
229,3894,3921,3918,3993,3927,3909,3854,3872,3772,3954,3825,3864,3857,3848,3870,3924,3949,3888,3850,3963,3971,3931,3869,4005,3919,3890,3996,3814,3862,3906,3972,3953,3898,3910,3924,3881,3943,3938,3975,3890,3887,3863,3903,3985,3935,3815,3972,3843,3939,3847,4033,3954,3956,3941,4004,3889,3954,3908,3992,3970,3963,3808,3832,3899
230,3919,3883,3984,4033,3942,3955,3894,3973,3930,3869,3950,3915,4037,3970,3943,3892,3942,3878,3856,3954,3878,3889,3937,3919,3929,3888,3952,3899,3892,3928,3890,3867,4025,3909,3963,3801,3913,3948,3886,3876,3883,3717,3853,3962,3838,3941,3834,3846,3910,3902,3876,3841,3872,3979,3967,4003,3911,3920,3951,3947,3868,3917,3966,3876
231,3903,3799,3872,3939,3844,3903,3868,3891,3838,3871,3965,3937,3842,3950,3950,3896,3967,3855,3912,3951,3843,3929,3873,3895,3764,3950,3775,3911,3872,3856,3927,3862,3837,3965,3935,3880,3968,4006,3892,3912,3872,3985,3889,3984,3778,3962,3816,3856,3942,3861,3976,3899,3976,3783,3909,3866,3907,3966,3937,3935,3913,3937,3953,3933
232,3880,3812,3917,3972,3928,3872,3875,3980,3946,3938,3840,3895,3905,3853,3870,3945,3842,3999,3855,3888,3915,3860,3928,3891,3920,3842,3847,3952,3971,3904,4005,3870,3858,4021,3964,3905,3825,3848,3879,3894,3941,3945,3896,3967,3860,3856,3880,3939,3881,3922,3884,4025,3937,3877,3912,3880,3994,3943,3923,3981,4022,3983,3976,3977
233,3808,3938,3991,3872,3952,3907,3888,3942,3902,3939,3824,3867,3760,3848,3966,3867,3976,3844,3796,3835,4003,3941,3895,3787,3887,3874,3895,3868,3985,3883,3791,3985,3897,3937,3860,3940,3842,4016,3885,3882,3917,3914,3930,3887,3909,3934,3856,3957,3837,3854,3912,3767,3825,3958,3918,3954,3854,3985,3966,3879,3759,3895,3872,3872
234,3929,3866,3888,3833,3889,3874,3955,4012,3921,3937,3850,4057,3893,3960,3996,3812,3912,3882,3938,3974,3978,3872,3939,3898,3974,3856,3938,3973,3864,3855,3723,3909,3946,3895,3894,3969,4037,3929,3838,3905,3862,3846,3857,3895,3902,3904,3755,4024,3940,3886,3908,3913,3805,3868,3928,3877,3844,3893,3944,3921,3952,3925,3994,3875
235,3870,3819,3984,3996,3847,3926,3818,3967,3935,3900,3916,3955,3860,3903,3930,3988,3939,3901,3864,3918,3909,3783,4027,3921,3914,3846,3889,3938,4030,3750,3826,3943,3829,3943,3969,3917,3940,3928,4005,4007,4004,3988,3952,3783,3779,3923,3688,3911,3879,3834,3898,4018,3959,3890,3929,3889,3907,3891,3956,3972,3857,3935,3898,3920
236,3827,3957,3987,3868,3989,3836,3942,3906,3969,3852,3792,3997,3966,3976,3879,3879,3849,3845,3909,4005,3813,4003,3858,3946,3914,3923,3965,3928,3903,4007,3847,4018,3957,3800,3869,3988,3961,3904,3903,3700,3868,3864,3865,3800,3915,3944,3956,3870,4007,3900,3840,3901,4045,3899,3927,3952,3885,4031,3952,3821,3829,3914,4023,4006
237,3869,3992,3830,3866,3964,3927,3947,3872,3987,3829,3896,3825,3911,3967,3874,3927,4013,4045,3897,3898,4005,3859,3900,3913,3895,3957,3996,3898,3909,3820,4019,3832,3936,3948,3953,3936,3901,3862,3857,3905,3901,3862,3898,3865,3894,3840,3899,3935,3871,3896,4016,4058,3747,3919,3989,3877,4008,3974,3956,3800,3897,3947,3943,4019
238,3761,3933,3829,3874,3955,3957,3825,3970,3890,3742,3917,3887,3981,3971,3859,3820,3795,3782,3976,3876,3851,3794,3819,3905,3941,3872,3964,3890,3894,3857,3916,3917,3890,3793,3905,3917,3835,3993,3987,3874,3891,3948,3835,3931,3953,3928,3885,3921,3980,3764,3870,3975,3828,3937,3839,3866,3964,3849,3968,3852,3988,3953,3839,3904
239,3913,3876,3804,3864,3935,3900,3869,3934,3877,3860,3804,3870,3820,3912,3904,3917,3831,4003,3891,3904,3912,3835,3920,3863,3901,3963,3936,3835,3953,3962,3871,3837,3827,3907,3923,3794,3820,3941,3904,3851,3874,3908,3823,3892,3957,3843,3825,3833,3856,3819,3858,3917,3823,3917,3867,3935,3893,3989,3817,3946,3909,3875,3941,3931
240,4022,3849,4012,3996,3879,3789,3950,3908,3895,4007,3888,3909,4085,3910,3929,3863,3965,3980,3970,3926,3901,3959,3926,3914,3825,4015,3911,3937,3953,3912,3787,3859,3781,3948,3984,3975,3789,3888,3917,3914,3904,3905,3920,3973,3949,3974,3849,3906,3878,3933,3937,3900,3980,3791,3921,3898,3986,3877,3935,3793,3814,3904,4016,3909
241,3919,3946,3881,3989,3884,3901,3986,3952,3813,3863,3899,3838,3789,3986,3938,3907,3859,3897,3858,3858,3986,3864,3890,3937,4032,3907,3922,3909,3951,3849,3832,3935,3916,3877,4040,3868,3866,3932,3988,3940,3918,3765,3908,3812,3905,3894,3930,3994,3951,4011,3791,3903,3937,3889,3941,3915,4066,3966,3955,3999,3831,3884,3824,3899
242,3911,4086,3868,3989,3924,3808,3929,3890,3927,3950,4060,3853,3949,3886,3900,3855,3958,3943,3994,3857,3908,4017,3945,3918,3979,3976,3874,3939,4035,3928,3880,3942,3967,3850,3931,3888,3854,3976,4046,3899,3882,3889,3884,4031,3907,3979,3843,3869,3855,3838,3884,3942,3909,3907,3929,4041,3862,3899,3954,3947,3918,3811,3828,3824
243,3860,3892,3889,3849,4032,3843,3950,3964,4007,3906,3928,3927,4005,3880,3986,3924,3850,3947,3823,4071,3928,3880,3968,3886,3938,3899,3826,3940,3895,3877,3899,3860,3922,3909,3985,3751,3868,3865,3948,3857,3810,3891,3981,3925,3911,3970,4033,3911,3845,3920,3832,3972,3892,3887,3918,3967,3870,3957,4034,3803,3807,3873,3825,3929
244,3989,3990,4012,3963,3914,3899,4006,3823,3869,3883,3925,3768,3949,3813,3887,3853,3930,3826,3893,3941,3970,3915,3979,3954,3925,3953,3823,3870,3969,3901,3896,4006,3937,3908,3864,3918,4021,3904,3918,3874,3863,3882,3918,3800,3959,3880,3874,3849,3911,4024,3928,3921,3940,3849,3892,3873,3944,3835,3947,3861,3887,3898,3781,3849
245,3874,3861,3958,4006,3895,4007,3975,3797,3912,3791,4001,3865,3949,3999,3955,3885,3955,3898,3759,3944,3876,3816,3942,3836,3928,3773,3965,4044,3960,3940,3900,3846,4038,3801,3909,3981,3872,3987,4023,3972,3923,3916,3892,3934,3804,3938,3891,3964,3892,3876,3972,3941,3945,3972,3892,3963,3813,3854,3898,3869,3864,3841,3862,3920
246,3868,3840,3956,3848,3947,3871,3816,3863,3872,3962,3902,3902,3974,3990,3863,3845,3979,3989,3870,3944,3905,3853,4059,3807,3934,4005,3866,3842,3892,3878,3917,3857,3916,3918,3874,3930,3959,3877,3841,3945,3966,3848,3883,3835,3881,3879,3991,3930,3976,3947,3988,3811,3785,3886,3869,3921,3895,3916,3866,3960,3895,3887,3911,3942
247,3810,3937,4007,3934,4042,3850,3952,3842,3996,3885,3928,3901,3939,3895,3867,3899,3936,3860,3997,3928,3894,3855,3836,3852,3917,3936,3912,3899,3859,3827,3851,3869,3963,3901,3828,3917,3868,3936,3940,3923,3969,4007,3900,3972,3920,3880,3878,3964,3926,3828,3978,3915,3870,3937,3971,3844,3957,3900,3986,3837,3946,3910,4014,3881
248,3889,3741,3866,3941,3807,3994,3824,3843,3845,3822,3933,4001,3828,3893,3778,3850,4069,3958,3980,3880,3980,3864,3959,3924,3881,3955,3857,3979,3965,3895,3826,3921,3856,4034,3868,3896,3912,3953,3917,4049,3890,4065,3862,3815,3949,3935,3962,3914,3918,3877,3845,3739,3963,3959,3852,3908,3803,3955,3842,3867,3792,3851,3957,3926
249,3988,3930,3819,3952,3899,3902,3847,3816,3937,3855,3929,3961,3997,3872,3843,3795,3989,3902,3885,3917,3831,3871,3943,3927,3930,3975,3868,3884,3836,3964,3891,3907,3924,3919,3826,3746,3917,3938,3889,3931,3891,3887,3922,3991,3891,3958,3879,3788,3886,4053,3826,3852,3883,3956,4005,3886,3880,3941,3890,4011,4047,3812,3890,3912
250,3857,3907,3978,3766,3891,3988,3940,3918,3939,3914,3750,3826,3780,3909,3956,3976,3909,3899,3812,3758,3934,3943,3884,3909,3918,3902,3867,3955,3897,3941,3942,3895,3945,3879,3985,3806,3962,3865,3810,3956,3768,3996,4058,3950,3804,3936,3978,3871,3885,3998,3847,3865,3911,3780,4010,3832,4087,3836,3974,3860,3864,3816,3832,3986
251,3927,3841,3968,3742,3813,3828,3820,3909,3926,3932,3889,3850,3925,3824,3947,3886,3888,3881,3993,3921,3951,3910,3812,3805,3859,3914,3872,3908,3959,3935,4018,3891,4042,3999,3957,3852,3845,3859,3733,3782,3992,3970,3895,3741,3983,3976,3863,3973,3937,3884,3916,3825,3872,3889,3906,3900,3863,3748,3868,3908,3935,3993,3967,3934
252,3815,3898,3883,3929,3852,3879,3925,3885,3929,3858,3844,3895,3903,3890,3852,3967,3877,3982,3971,3861,3890,3908,3906,3919,3926,3837,3966,3911,3814,3933,4002,3905,3832,3849,4019,4062,3924,3947,3914,3838,3939,3941,3949,3941,3818,4027,3861,3932,3934,3920,3843,3824,4038,4036,3931,3929,3893,3863,3933,3894,3897,3796,3931,3837
253,3881,3821,3916,3863,3876,4084,3974,3870,3921,3938,3919,3934,4020,3987,3928,3956,4020,3904,3964,3891,3872,3873,3933,3846,3770,3870,3962,3892,3994,3964,3760,4000,3978,3836,3806,3917,3919,4009,3870,3865,3880,3941,3862,3903,3907,3864,3918,3960,3862,3908,3917,3843,4035,3972,3921,3964,3803,3919,4021,3996,3995,4019,3933,3939
254,3971,3963,3870,3941,3901,3951,3850,3935,3870,3791,3868,3991,3945,3913,3943,3846,3897,3921,3988,3837,3856,3835,3973,3940,3889,3857,3962,3823,3965,3882,3796,3995,3971,3914,3978,3906,3874,3932,3924,3903,3925,3909,3950,3991,3924,3922,3938,3899,3849,3946,3989,3895,3945,3891,3785,3926,3859,3956,3783,3846,3856,3772,3994,3921
255,3783,3911,3941,4018,3727,3880,3989,3889,3704,3927,3863,3924,3905,3907,3916,4074,3789,3844,3781,3972,3884,3920,3925,3984,3888,3881,3950,3878,3890,3908,3961,3899,4004,3946,3923,3859,3762,4016,3911,3823,3986,3976,3902,3943,3875,3809,3927,3899,3862,3911,3849,4066,3916,3974,3883,3898,3862,3877,3946,3882,3962,4070,3939,3860