"",1,2,3,4,5,6,7,8,9,10,11,12,13,14,15,16,17,18,19,20,21,22,23,24,25,26,27,28,29,30,31,32,33,34,35,36,37,38,39,40,41,42,43,44,45,46,47,48,49,50,51,52,53,54,55,56,57,58,59,60,61,62,63,64
0,3930,3878,3850,3883,3914,3920,3904,3899,3904,3860,3934,3834,3788,3932,3931,3985,3813,3834,3859,3789,3795,3901,3840,3880,3920,3881,3932,3894,3861,3912,3843,3933,3950,3889,3959,3895,3960,3973,3956,3962,3860,3932,3862,3742,3892,3979,3867,3806,3910,3932,3844,3892,3964,3820,3898,3893,3836,3867,3814,3863,3882,3894,3909,3864
1,3877,3926,3875,3882,3862,3865,3916,3830,3847,3884,3974,3874,3892,3982,3867,3947,3825,3934,4064,3920,3963,3871,3802,3983,3892,3995,3913,3818,3963,3905,3757,3875,3906,3908,3973,3941,3883,3925,3877,3866,3999,3943,3899,3873,3810,3896,4081,3912,3980,3987,4018,3948,3920,3850,3936,3884,3840,3852,3833,3906,3856,3799,4011,3905
2,3887,3977,3920,3908,3786,4044,4040,3995,3969,3935,3928,3830,3961,3924,3961,3863,3899,3907,3889,3846,3888,3833,3856,3863,3855,3834,3983,3971,3846,3970,3970,3900,3877,3920,3829,4020,3803,3969,3833,3905,3885,4001,3824,3826,3918,3878,3886,3980,3913,3978,4084,3943,3886,3850,3935,4038,3913,3880,3863,3918,3848,3918,3915,3884
3,3870,4048,4033,3852,3880,3899,3843,3997,3975,3862,3808,3963,3829,3923,4012,3829,3954,3950,3844,3767,3877,3850,3970,3730,3904,3906,3841,3979,3900,3895,3905,3914,3764,3949,3956,3935,3767,3956,3845,3982,3884,3767,3880,3888,3983,3796,4044,3919,3896,3946,3934,3924,3969,3933,3968,3994,3964,3924,3869,3787,3756,3857,3947,3968
4,3904,3944,3786,3909,3862,3914,3916,3903,3851,3845,3891,3895,3847,3892,3852,3984,4010,3840,3859,3964,4042,3960,3820,3829,4017,3973,3974,3871,3797,3896,3851,3892,3982,3957,3852,3869,3789,3950,3916,3839,4063,4027,4005,3842,3854,3811,3954,3953,3878,3892,3929,3785,3919,3975,3890,3897,3952,3942,3892,3907,3952,3917,3898,3879
5,3965,3989,3806,3887,3873,3897,3889,3804,3933,3806,3804,3921,3950,3809,3911,3926,3984,3791,3898,3940,3849,3870,3856,3848,3965,3850,3954,4003,3912,3916,3895,3827,3824,3845,3930,3866,3935,3785,3807,3885,3878,3829,3813,3899,4026,3891,3966,3838,3922,3933,3780,3852,4070,3933,3965,3966,3914,3745,3949,3920,3908,3834,3818,3919
6,3916,3948,3891,3927,3848,3917,3829,3878,3983,3894,3911,3936,3963,3935,3802,3849,3870,3848,3851,3765,3952,4037,3909,3934,3853,3808,3839,3955,3828,3832,3976,4007,3836,3935,3875,3867,3881,3920,3837,3980,3859,3937,3964,3830,3836,3964,3901,4049,3963,3885,3890,3843,3907,3898,3839,3710,3878,3930,3945,3972,4023,3923,3890,4017
7,3972,4030,3833,3930,3893,3889,3902,3881,3882,3805,3924,3921,3865,3955,3803,3870,3883,3893,3886,3954,3861,3961,3786,3940,3812,3782,3863,3971,3874,3964,3960,3951,3996,3875,3738,3987,3948,3892,3959,3861,3947,3836,3931,3854,3948,3964,3872,4028,3847,3976,3920,3963,4019,3791,3919,3892,3852,3909,3916,3924,3957,3980,4074,3892
8,3796,3866,3883,3848,3915,3913,3867,3854,3908,3867,3909,3935,3894,3895,3951,3877,3888,3972,3923,3938,3847,4008,3917,3898,3886,3928,3944,3883,3913,3856,3911,3916,3951,3944,3714,3988,3908,3881,3995,3968,3841,3863,3798,3879,3951,3902,3895,3923,3888,3836,3873,3920,3857,4053,3826,3862,4041,3887,3858,3969,3809,3848,3919,3949
9,3887,3949,4081,3876,3846,3887,3864,3796,4069,3950,3808,3931,3938,3942,3907,3867,3895,3909,3881,3975,3948,3889,3896,4015,3785,3802,3895,3935,4008,3926,3862,3898,3861,3913,3823,3907,3896,3795,3908,3883,3930,3798,3887,3863,3909,3993,3852,3842,3931,3927,3853,3987,3917,3953,3942,4043,3942,3837,3921,3839,3954,3983,3845,3850
10,3918,3904,3855,3961,4023,4072,3893,3919,3898,3856,3905,3834,3939,3989,3905,3940,3995,3897,3903,3760,3949,3966,3816,3938,3930,3872,3834,3930,3880,3979,3894,3820,3989,3855,3902,3923,3979,3892,3914,3911,3839,3864,3991,3952,3820,3945,3920,3937,3915,3974,3794,3913,3808,3890,3836,3992,4054,3884,3911,3832,3876,3851,3883,3940
11,3839,3967,3849,3906,3942,3937,3976,4021,3955,4024,3908,3870,3839,3836,3933,3911,3932,3727,3965,3819,3892,3803,3924,3929,3853,3974,3980,3983,3954,3812,4011,3918,3848,3950,3809,3856,3891,3824,3958,3887,4046,3878,3746,3916,3929,3822,4004,3936,3826,3865,3897,3792,3946,4025,3899,3859,3893,3905,3870,3958,3938,3892,3971,3883
12,3916,3920,3870,4007,3932,3842,3903,3919,3907,3938,3896,3988,3892,3822,3976,3941,3792,3960,3977,3853,3945,3867,3934,3912,3982,4048,3870,3814,4029,3813,3844,3887,3921,3935,3820,3858,3913,3907,3871,3969,3982,3776,3845,3919,3921,3858,4033,3960,3938,3898,3756,3886,3841,3925,3953,3911,3871,3801,3952,4019,4016,3857,3969,3818
13,3981,3767,3852,3924,3907,3877,3893,3897,4052,3851,3900,3923,3884,3903,3881,3940,3941,3797,3911,3814,4024,3853,3876,3859,4012,3844,3908,4016,3870,3857,3935,3905,3922,3837,3856,3847,3876,3894,3902,3891,3848,3961,3924,3883,3914,3856,3894,3981,3821,3873,3853,3931,3831,3954,3869,3969,3884,3931,3891,3957,3810,3948,3970,3931
14,3984,3851,3926,3949,3850,3974,3828,3892,3911,3851,3959,3834,3915,3921,3922,3888,3914,4003,3947,3847,3863,4050,3950,3903,3967,3831,3871,3982,3906,3885,3952,3908,3940,3867,3873,3799,3821,3913,3818,3935,3862,3818,3793,3917,3901,3841,3893,3998,3751,3949,3881,3985,3777,3926,3817,3905,3955,3903,3899,3915,3838,3924,3897,3841
15,3992,3902,4062,3894,3991,3788,3871,3843,3966,3886,3925,4024,3920,3970,3794,3925,3786,3892,3961,3906,3871,3936,3841,3954,3941,3798,4074,3922,3858,3955,4018,3984,3995,3842,3834,3808,3815,4005,3885,3966,3781,3817,3985,3931,3889,4071,3865,3998,3854,3860,3945,3835,3862,3812,3916,3882,3971,3885,3891,3906,3851,3930,3859,4003
16,3874,3945,3966,3832,4014,3894,3830,3847,3983,3815,3975,3915,3940,3946,3890,3972,3879,3853,3836,3890,3952,3850,3966,3944,3899,3913,3779,3868,3933,3937,4011,3833,3887,3921,3930,3858,3866,3928,3931,3995,3789,3941,3892,3917,3950,3958,3955,3955,3841,3907,3867,3946,3778,3958,3867,3911,3983,3776,3969,3984,3913,3908,3999,3883
17,3884,3882,3939,3952,3873,3902,3903,3842,3780,3943,3881,4031,4034,3935,3887,3906,3935,3793,3830,3903,3852,3927,3845,3950,3869,3946,3870,3820,3900,3817,3909,4076,3908,3886,3913,3985,3936,3941,3853,3984,3890,3861,3936,3993,3892,3901,3816,3883,3934,3958,4056,3892,3854,3884,3945,3929,3879,3915,3737,3987,3957,3896,3844,3854
18,3846,3880,3869,3870,3937,3969,3918,3777,3875,4034,3898,4003,3905,3850,3945,4008,3942,3979,4001,3827,3844,3885,3825,3876,3877,3863,3977,3851,3864,4015,3941,3927,3951,3879,3864,3884,3962,3998,3823,3935,3925,3879,3925,3917,3924,3953,3905,3843,3832,3910,3893,3916,3885,3801,3983,3890,3936,3930,3743,3957,3872,3906,3884,3980
19,3887,3830,3909,4012,3907,3840,3861,3923,3940,3814,3873,3790,3777,4008,3976,3938,3834,4020,3898,3810,3849,3958,3886,4061,3874,3886,3895,3952,3969,3909,3977,3933,3864,3920,4005,3781,3919,3951,3908,3881,3796,3856,3921,3832,3953,3962,3903,3855,3844,3825,3907,3924,3907,3962,3897,3836,3888,3842,3781,3891,3930,3862,3889,3975
20,3795,3940,3924,3872,3859,3898,3898,3931,3865,3912,3911,3804,3948,3874,3869,3921,3879,4029,3854,4016,3880,3960,3900,3917,3932,3818,3790,3898,3995,3823,3957,3865,4033,3885,3938,3856,3922,3913,3939,4027,3918,3871,4108,3887,4003,3775,3954,3985,3863,3809,3904,3945,3936,3814,3993,3882,3961,3898,4000,3906,4018,3927,3963,3878
21,3977,3991,3973,3993,3819,3961,3971,3897,3876,3908,3864,3966,3912,4024,3931,3994,3866,3951,3980,3842,3936,3972,3955,3968,3892,3989,3838,3933,3894,3985,3824,3738,3840,3874,3964,3903,3818,3971,3932,3786,3926,3865,3882,3967,3866,3898,3778,4049,3899,3832,3914,3903,3888,3783,3881,3870,3918,3984,3887,3932,3917,3940,3813,3820
22,3881,3876,3858,3956,3836,3927,3914,3902,3920,3973,3780,3926,3938,3951,3820,3879,3952,3974,3937,3883,3853,3881,3923,3859,3916,3942,3900,4038,3860,3880,4003,3858,3927,3950,3868,3943,3947,3859,3837,3869,3781,4000,4013,3914,4010,4011,3859,3920,3906,3849,3913,3823,3838,3909,3914,3866,3880,3867,3927,3974,3949,3982,3845,3912
23,3892,3806,3980,3902,3964,3971,3917,3811,3864,3973,3950,3971,3927,3974,3968,3904,3986,3935,3852,3957,3882,3894,4013,3817,4074,4044,3900,3826,3870,3899,3963,3904,3852,3926,3909,3944,4010,3794,3914,3955,3981,3824,3933,3748,3877,3838,3986,4006,3886,3825,3929,3856,3962,3757,3911,3799,3904,3943,3809,3967,3968,3881,3957,3960
24,3861,3932,3961,3881,3878,3795,3953,3844,3930,3801,3852,3904,4011,3814,3870,3977,4082,3962,3984,3885,3909,3942,3918,3771,3913,3958,3897,3992,3922,3888,3851,3911,3973,3899,4041,3906,3919,3956,3933,3933,3983,3916,3971,4056,3896,3864,3822,3930,3846,3872,3909,3896,4005,3887,3923,3945,3930,3785,3993,3874,3947,3995,3904,3917
25,3911,3927,3940,3880,3887,4002,3926,3894,3966,3850,3886,3731,3964,3958,3885,3802,3897,3888,3835,3726,3862,3984,3948,4091,3941,3891,3854,3887,3893,3988,3869,3908,3881,3842,3969,3860,3887,3885,3929,3880,3937,3920,3847,3855,3893,3846,3948,3871,4038,3998,3789,3846,3927,3828,3778,4016,3977,3976,3903,3986,3871,3867,3864,3885
26,3978,3847,3786,3848,3936,3998,3983,3956,3948,3911,3807,3849,3850,3900,3870,3810,3973,3838,3982,3859,3935,3912,3820,3966,3979,3986,3798,3816,3871,3857,3942,3935,3918,3897,3861,3999,3920,3945,3952,3888,3950,3874,3928,3952,4037,3831,3909,3883,3961,3944,4007,3825,3901,3869,3976,3866,3897,3848,3925,3897,3896,3990,3898,3815
27,3918,3843,3803,3924,3938,3856,3947,3869,3909,3959,3858,3953,3890,3930,4056,3969,3885,3921,3950,3894,3852,3927,3920,3862,4046,3834,4001,3881,3936,3936,3934,3744,3931,3787,3824,3939,3868,3966,3856,4068,3959,3889,3897,3932,3849,3905,3826,3801,3958,3880,3833,3914,3811,3933,3897,3957,3894,3933,3956,3965,3883,3830,3908,3850
28,3895,3921,3776,3922,3862,3869,3956,3865,3997,4016,3813,3938,3969,3891,3819,3864,4007,3946,3892,3942,3823,3883,3940,3787,3895,3811,3847,3936,3788,3946,3875,3954,3893,3809,3870,3910,3885,3977,3883,3872,3894,3931,3869,3886,3942,3854,3945,3932,3932,3817,3869,3881,3969,3923,3809,3929,3823,4008,3885,3949,3809,3872,3842,3980
29,3972,3784,3899,3918,3884,3925,3807,3840,3978,3886,3917,3894,3878,3831,3853,3764,3758,3933,3970,3816,3823,3853,3932,4001,3938,3945,3799,3901,3872,3913,3975,3960,3907,3995,4037,3937,3928,3864,3900,3967,3952,3959,3815,3979,3800,3885,3927,4048,4010,3976,3899,3943,3961,4046,3844,3969,4103,3943,3899,3799,3996,3950,3946,3887
30,3985,3902,3869,3888,3949,3860,3851,3884,3968,3909,3960,3973,3966,3807,4017,3947,3837,3904,3858,3992,3937,3910,3949,3882,3891,3882,3961,3864,3802,3902,3837,3919,4007,3829,3777,3972,3853,3984,3919,4003,3922,3894,3870,3871,3794,3978,3935,3866,4003,3947,3905,3885,3870,3980,3960,3886,3907,3908,3908,3914,3885,3976,3778,3887
31,3889,3834,3933,3896,3951,3878,3952,3895,3962,3896,3916,3911,3822,3801,3936,3916,3851,3950,3815,3851,3973,3979,3880,3942,3889,3861,3973,3953,3927,3905,3967,3878,3936,3996,3901,4004,3871,3850,3851,3908,3807,4007,3903,3935,3906,3895,3901,3817,3925,4055,3892,3965,3841,3906,3948,3839,3864,3940,3882,3962,4037,3867,3911,3901
32,3910,3778,3866,3887,3875,3813,3943,3835,3933,3806,3954,3864,3831,3875,3872,3992,3930,3944,4013,3917,3900,3881,3823,3869,3943,3913,3906,3838,3902,3814,3880,3912,3893,3954,3893,3942,3929,3947,4007,3893,3801,3979,3772,3950,3864,3944,3852,3925,3901,3949,3822,3877,3956,3865,3840,4001,3841,3987,4064,3949,3918,3898,3953,3896
33,3915,3831,3929,3922,3976,4009,3883,3975,4009,3860,3915,3917,3900,3841,3923,4026,3895,3912,3837,3884,3968,3927,3980,3873,3806,4017,3953,3926,3928,3917,3889,3822,3823,3975,3838,4113,3907,3941,3934,3889,3971,3994,3902,3939,3892,3808,3923,3908,4014,3935,3850,3843,3964,3918,3803,3859,3832,3930,3880,3832,3918,3890,3774,4034
34,3964,3946,4011,3828,3893,3909,4026,3863,3823,3889,3972,3881,3835,3862,3914,3919,3898,3964,3817,3903,3933,3926,3994,3994,3861,3900,3927,3935,3928,4019,3807,3900,3963,3917,3811,3890,3961,3847,3890,3858,4049,3981,3993,3987,4017,3891,3911,3904,3909,3955,3865,3970,3732,3884,3892,3918,3919,3810,4024,3951,3797,4013,4005,3859
35,3836,3848,3979,3979,3884,3926,3991,3982,3872,3948,3860,3840,3854,3767,3856,3924,3923,3860,3934,3870,3845,3973,3935,4100,3986,3845,3970,3873,3839,3937,3801,3934,3837,3986,3953,3948,3940,3904,3900,3864,3863,4001,3852,3810,4016,3780,3867,3889,3932,3919,3911,3866,3959,3852,3946,3899,3920,3915,3837,3813,3853,3935,3988,3848
36,3918,3846,3948,4000,4043,3831,4032,3906,3824,3979,3864,4038,3827,4005,3845,3910,3810,3937,3839,3911,3874,3930,4079,3934,3956,3852,3994,3855,3876,3926,3973,3955,3922,3901,3935,3892,3882,3842,3870,3908,3919,3920,3925,3896,3813,3991,3926,3939,3949,3926,3978,3918,4092,3943,3799,3857,3898,3964,3957,3986,3888,3803,3974,4000
37,3856,3759,3973,3973,3898,3977,3983,4079,3832,3822,3999,3863,3994,3915,3843,4001,3913,3787,3876,3812,3932,3883,3875,3929,3894,3974,3893,4009,3861,3872,3960,3766,3851,3998,3934,3944,3999,3882,3844,3776,3845,3864,4014,3906,3906,3950,3788,3878,3947,3834,3969,3963,3916,3907,3923,3844,3908,3957,3898,3874,3987,3766,3873,3922
38,3894,3895,3917,3920,3762,3859,3909,3880,3974,3811,3895,3825,3950,3942,3984,3869,3895,3952,3976,3950,3928,3826,3860,3921,3865,3884,3934,3865,3941,3975,3912,3830,3981,3961,4012,3942,3983,3875,3956,3826,3841,3961,3907,4112,3932,3912,3944,3862,3835,3990,3924,3892,3963,3922,3813,3814,3808,3874,3915,3906,3897,4013,4017,3886
39,3876,3949,3844,3954,3865,3941,3862,3948,3832,3847,3972,3818,3825,3869,3876,3907,3940,3970,3929,3944,3914,3919,3873,3932,3915,3847,3938,3853,3988,3973,3936,3901,3944,3887,3831,3975,3954,3903,3839,3798,3800,3856,3916,3942,3903,3949,3890,3874,3965,4029,3903,3985,3930,3905,3915,4064,3961,3840,3811,3955,4016,3879,3965,3819
40,3894,3948,3935,4010,3816,3874,3928,3789,3896,3850,3944,3946,3980,3816,3913,3951,3945,3954,3819,3985,3917,4034,3913,3869,3920,3958,4043,3899,3867,4046,3885,3925,3931,3865,3891,3872,3823,4003,3951,3927,3940,3804,3945,3920,3977,3911,3859,3833,3882,3811,3915,3827,3874,3942,3880,3908,3931,4045,3931,3889,3901,3965,3982,3962
41,3976,3838,3867,3795,3721,3893,3970,3922,3934,3931,3944,3910,3885,3942,4016,3927,3877,3883,3906,3900,3829,3892,3824,3927,3915,3920,3905,3908,3882,3916,3919,3957,3809,3803,3987,3939,3948,3933,3994,3820,4025,3960,3913,3839,4019,3899,3935,3940,3996,3998,3832,3946,3805,3887,3900,3935,3858,4020,3845,3957,3881,3962,3843,3977
42,3862,3829,3839,3939,3945,4016,3880,3977,3910,3952,3963,3931,3937,3929,3882,3977,3886,3856,3904,3920,3875,3800,3901,3846,3889,3862,3924,3875,3903,3925,3742,3951,3886,3949,3938,3923,3847,3995,3989,3932,3962,3813,3907,3899,3805,3912,3918,3968,3888,3820,3956,3915,3945,3902,3907,3922,3979,4059,3865,3959,3968,3805,3874,3878
43,3997,3904,3967,3925,3913,3888,3901,3898,3904,3919,3881,3840,4006,3810,3846,3814,3848,3863,3917,3877,3781,3914,3831,3918,3904,3913,3845,3996,3924,3856,3873,3896,3859,3888,3892,3891,3877,3816,3938,3832,3870,3782,3957,3860,3947,3899,3907,3948,3967,3910,3931,3799,3872,3869,3747,3832,3771,3832,4008,3914,3968,4000,3777,3973
44,4047,3843,3930,3974,3877,3978,3996,3938,3927,3958,3929,3840,4001,3850,3834,3894,3908,3917,3914,3936,3820,3865,3861,3809,3903,3949,3923,3940,3871,3922,3866,3933,3951,3944,3988,3741,3859,3897,3902,3978,3907,3915,3909,3939,3897,3939,3911,3908,4007,3715,3934,3941,3886,3950,3861,3871,3895,3855,4045,3922,3970,3940,3939,3904
45,3899,3924,3798,3910,3991,3915,3978,3963,3909,3849,3784,3851,4001,3918,3934,3933,3971,3949,3915,3981,3993,3834,3856,3852,3857,3814,3932,3889,3890,3802,3816,3772,3903,3892,3952,3884,3896,3937,3910,3781,3884,4015,3949,3885,3886,3835,3761,3789,3939,3786,3896,3942,3867,3977,3950,3977,3862,3979,3803,3800,3871,3927,3927,3875
46,3792,3846,3841,3881,3928,4025,3919,3959,3823,3847,4011,3967,3900,3869,3892,3938,3886,3837,3879,3869,3939,3892,3947,3844,4012,3865,3888,3958,4016,3983,3850,3768,3966,3821,3917,3887,3961,3987,4003,3894,3896,3829,3845,3839,3911,3904,3949,3995,3957,3871,3933,3989,3846,3882,4051,3918,3886,3964,4019,3867,3882,3907,3858,4001
47,3901,3932,3992,3801,3913,3803,3837,3847,3846,3923,3909,3897,3847,3919,3974,3965,3919,3917,3863,3775,3890,3954,4045,3859,3941,3940,3865,3892,3896,3960,3866,3910,3954,3967,3868,4014,3906,3914,3836,4066,3897,3913,3937,3876,3782,3881,3925,3990,3918,3890,3932,3960,3866,3848,3974,3948,3860,3897,3935,3975,3789,3799,3832,3874
48,3865,3921,3969,3917,3886,3870,3954,3869,3961,3949,3985,3892,3745,3841,3935,3831,3937,3961,3890,3895,4005,3851,3820,3922,3893,4033,3870,4016,3928,3879,4023,3917,3882,3857,3875,3874,3916,3893,3881,4036,3930,3865,3932,3927,3997,3770,3954,3810,3879,3800,3852,3833,3894,3862,3922,3795,3955,3811,3826,3999,3972,3930,3949,3922
49,3969,4019,3836,3930,3916,3868,3891,3905,3821,3891,3921,3832,3909,3853,3900,3916,3862,4019,3894,3951,3956,3908,3757,3874,3995,3872,3828,3877,3964,3877,3907,3872,3967,3923,3827,3896,3891,3967,3814,4028,3888,3939,3881,3904,3941,3861,3812,3816,3885,3949,3970,3911,3883,3893,3891,3915,3920,3871,3961,4020,3917,3881,3982,3960
50,3805,4006,4098,3783,3921,3871,3808,3852,3937,3915,3867,3893,3823,4096,3946,4005,3913,3835,3840,3950,3907,3816,3921,3949,3923,3976,3837,3844,3918,3861,3955,3974,3942,3859,3756,3892,3821,4007,3983,3979,3855,3989,3843,3937,3941,3978,3821,3797,3962,3830,4012,3909,3859,3829,3952,4051,3853,3903,3906,3930,3966,3830,3920,3906
51,3988,3838,3892,3866,3820,3905,3872,3904,3936,3970,3925,3870,3996,3818,3849,3916,3873,3933,3870,3912,3812,3932,3878,3971,3880,4036,3925,3831,3969,3941,3897,3918,3901,3858,3812,3838,3824,3834,3971,3807,3911,3792,3898,3825,3916,3967,3841,3820,4012,3954,3880,3875,3850,3874,3934,3929,3970,3948,3922,3921,3896,3882,3887,3941
52,3938,3897,3939,3927,3930,3983,3917,3885,3911,3782,3907,3940,3894,3973,3886,3807,3955,3998,3848,3936,3880,3869,3804,3838,3874,3907,3873,3926,3927,3889,3904,3887,3951,3906,3925,3997,3863,3879,3959,3903,3840,3930,3896,4015,3876,3862,3870,3904,3957,3856,3943,3843,3841,3909,3965,3840,3953,3850,3909,3869,3915,3901,3921,3864
53,3884,3886,3973,3900,3891,3916,3882,3823,3902,3970,3942,3949,4061,3952,3869,3943,3855,3899,3886,3949,3825,4014,3846,4025,3904,4014,3887,3825,3911,3919,3931,3832,3873,3925,3913,3900,3848,3876,3909,4037,3950,3913,3934,3821,3938,4070,3864,3820,3925,3930,3992,3874,3903,3926,3935,3948,3789,3986,3892,3943,4071,3964,3969,4020
54,3847,3879,3812,3865,3792,4061,3987,3930,3879,3904,3865,3900,3935,3897,4023,3853,3909,3919,3794,3833,4003,3977,3882,3895,3953,3887,3885,3903,3857,3832,3763,4036,3810,3881,3907,3848,3898,3988,4027,3822,3919,3916,3834,3899,3958,4098,3820,3955,3889,3812,3847,3936,3904,3998,3891,3824,3951,3925,3943,3918,4054,3865,3870,3846
55,3932,3948,3916,3936,3937,3967,3964,3936,3884,3934,3923,3911,3846,3907,3878,3967,3906,3888,3867,4080,3971,3893,3907,4056,3961,3856,4010,3809,3845,3877,3937,3896,3853,3938,3974,3849,3921,3821,3833,3893,3852,3878,3990,3921,3779,3889,3884,3967,3843,3999,3852,3908,3867,3888,3804,3786,3919,3804,3966,3870,3901,3963,3924,3861
56,3965,3870,3982,3902,3916,3876,4025,3897,3926,3934,3919,3962,3911,3866,3987,3871,3937,3877,3950,3974,4030,3927,3937,3872,3906,3834,3832,3884,3832,3779,3897,3840,3859,3819,3906,3825,3907,3951,3928,3870,3870,3906,3828,3901,3955,3872,3895,3994,4033,3849,3854,3903,3884,3993,3999,4012,3827,3787,3963,3933,3955,3948,3911,3898
57,3780,3942,3919,3879,3901,3877,3955,3881,4009,3983,3977,3952,3872,3893,3861,3973,3966,3912,3928,3879,3912,3929,3892,3871,3821,4002,3931,3818,3890,3959,3906,3987,3872,3814,3891,4071,3917,3850,3812,3925,3921,3805,3945,3767,3884,3833,3918,3866,3985,4015,3944,3924,3904,3985,3904,3929,3908,3968,3969,3971,3922,3825,3810,3940
58,3961,3824,3961,3874,3958,4005,3956,3828,3941,3897,3827,3935,3838,3802,3926,3863,3899,3887,3899,3895,3862,3934,3777,3787,3969,3972,3935,3858,4001,3898,3881,4004,3791,4054,3804,4104,3878,3896,3990,3886,3809,3860,3846,3865,3868,3878,3912,4028,3784,3814,3899,4002,3837,3996,3905,3934,3968,3856,3843,3926,3762,3968,3927,3878
59,3928,4011,3917,3941,3924,3858,3961,4009,3808,3929,3909,3907,3814,4005,3879,3844,3822,3886,3917,3931,3871,3984,3939,3925,3837,3960,3858,3913,3853,3920,3984,3904,3887,3850,3971,3833,3932,3811,3871,3961,3867,3988,3868,3797,3853,3847,3889,3852,3876,3921,4050,3984,4033,3827,3906,3896,3730,3954,3894,3864,3893,3870,3833,4005
60,3953,3931,3974,3983,3907,3764,3906,3933,3889,3945,3836,3888,3863,3932,3959,3926,3862,3909,3908,3844,3954,3913,3910,3938,4035,3948,3886,3854,3874,3863,3902,3889,3857,3917,3990,3871,3934,3892,3861,3909,3848,3832,3910,3906,3990,3884,4001,3972,3820,3850,3868,3997,3958,3910,3802,3950,3894,3856,4015,3898,3849,3883,3807,3899
61,3951,3989,4003,3948,3963,3899,3918,3938,3849,3819,3951,3982,3977,3857,3882,3851,3938,3981,3959,3877,3976,3818,3821,3884,3934,3881,4011,3938,3932,3931,3893,3953,3953,3944,3928,3825,3905,3853,3908,3875,3793,4017,3896,3937,3931,3884,3955,3973,3850,3975,3918,3859,3836,3885,3811,3966,3875,3909,3987,3887,3873,3859,3944,3971
62,3786,3847,3890,3829,3933,3967,3878,3929,3862,3869,3925,3839,3855,3881,3911,3802,3958,3948,3946,3990,3852,3938,3879,3916,3904,3875,3964,3809,3906,3949,3996,4052,3835,3944,3958,3928,3954,3928,3947,3802,3925,3907,3800,3978,3974,3899,3947,3999,4010,3831,3833,4028,3903,3935,3924,4041,3991,3947,3884,3919,3890,3901,3821,3903
63,3876,3816,3787,3818,3916,4052,3878,3790,4012,3859,3886,3898,3784,3854,3832,3861,3911,3873,3876,3859,3871,3833,3963,3901,3995,3848,3913,3942,3985,3884,3961,3968,3845,3833,3903,3907,3959,3908,3810,3918,3881,4024,4055,3844,3818,3891,3728,3855,3943,3863,3945,4020,3907,3938,3934,3929,3887,3912,3916,3830,3784,3799,3879,3873
64,3805,3882,3944,3898,3877,3853,4053,3871,3851,3947,3945,3970,4021,3924,3932,3827,3844,3932,3932,3914,3977,3938,3864,4100,3873,3956,3825,3906,3977,3927,3857,3958,3916,3971,3919,3885,4061,4011,3964,3869,3929,3945,3801,3921,3866,3993,3854,3924,3861,3930,3892,3957,3831,4017,3963,3853,3930,3967,3891,4007,3898,3846,3881,3923
65,3892,4003,3913,3882,3883,3823,3856,3986,3948,3975,3992,3857,3903,3877,3907,3896,3894,3895,3810,3833,3840,3784,3901,3787,3927,3819,3798,3813,3959,3791,3799,3891,3934,3870,3990,3957,4010,3933,3837,3944,4028,3856,3974,4039,3912,3859,4041,3898,3890,3809,3886,3879,3872,3900,3796,3851,3945,3783,3905,3884,3800,3920,3886,3981
66,3927,3807,3897,3955,3872,3942,3893,3946,3934,4002,3919,3933,4049,3794,3969,3935,4001,3889,3933,3919,3999,3888,3783,3778,4007,3978,3972,3828,3905,3884,3934,3846,3884,3818,3903,3889,3864,3776,4026,3827,3938,3996,3883,3935,3921,3871,3997,3843,3919,3727,3840,3823,3910,3906,3942,3987,4028,3977,3980,3869,3911,3855,3955,3866
67,4045,3796,3881,4007,3937,3933,3870,3765,3930,3833,3939,3836,3891,3828,4036,3915,3885,3992,3886,3892,3982,3885,3944,3852,3922,3852,3938,3874,3933,3935,3838,3938,3904,3922,3815,3980,3951,3911,3978,3926,3987,3922,3934,3942,3855,3877,3887,3860,4104,3958,3943,4003,3903,3958,4075,3819,3884,3892,4003,3788,3910,3886,4026,3924
68,3898,3927,3945,3884,3893,3891,3869,3883,3773,3893,3918,3880,3898,3915,3882,3878,3919,3943,3941,3883,3832,3991,3910,3825,3768,3988,3863,3801,3854,3952,3898,3906,3964,3936,3865,3861,3860,3838,3932,3867,3941,3979,3996,3984,3943,3900,3873,3956,3827,4003,3943,3873,3885,3903,3945,3878,3837,3879,3812,3850,3903,3922,4053,3949
69,3939,3968,3933,3934,3863,3923,4031,3911,3864,3854,3975,3917,3895,3967,4016,3840,3807,3978,3917,3873,3989,3884,3949,3856,3820,3862,3836,3932,3883,3873,3903,3852,3909,3857,3985,3921,3900,3899,3887,3925,3866,3785,3951,3891,3926,3943,3947,3921,3888,3924,3956,3837,3918,3859,3967,3949,3865,3967,3816,3929,4003,3821,3894,3855
70,3935,3845,3803,4035,3948,3835,3884,3903,3893,3950,3880,3940,3939,3910,3899,3874,3941,3741,3959,3894,3874,3935,3935,3985,3903,3828,3808,3861,3945,3918,4006,3868,3850,4001,3845,3849,3875,3877,4011,3988,3934,3868,3996,3982,3939,3846,3924,3862,3999,3913,3976,3918,3895,3921,3989,3854,3963,3933,3904,3886,3916,3793,3883,3948
71,3885,3923,3904,3897,3905,3828,3769,3890,3830,3917,3847,3886,3902,3948,3957,3924,3889,3891,3855,3950,3922,3889,3844,3923,3823,3870,3850,3924,3920,3876,3973,3927,3866,3792,3912,3830,3752,3903,3818,3902,3945,3785,3932,4000,3882,3809,3931,3810,3986,3954,3908,4057,3833,3942,3814,3856,3962,3886,3818,3867,3861,3852,3785,3849
72,3894,4018,3929,3935,3931,3911,3892,3852,3829,4031,3968,3863,4039,3781,3867,3948,3962,3981,3906,3840,3819,3907,3891,4011,3940,3859,3874,3924,3909,3797,3924,3901,3933,3872,4050,3831,3917,3895,3938,3994,3912,3843,3943,3961,4011,3783,3936,3798,4004,3857,3903,3851,3879,3899,3933,3955,3968,3936,3901,3928,3879,3818,3862,3918
73,3878,3809,3926,3874,3949,3894,3922,3901,3888,3943,3883,3866,3962,3917,3755,3880,3904,3985,3969,4028,3953,3935,3920,3868,3848,3967,3902,3889,3903,3864,3964,3808,3991,3837,3924,3870,3850,3876,3888,3904,3858,3935,3899,3842,3863,3928,3813,3897,3989,3918,3948,3987,3883,3980,3933,3870,3784,3935,3861,3928,3906,3991,3899,3851
74,3905,3964,3934,3857,3902,3896,3831,3917,4040,3864,3903,3931,3928,3844,3920,3780,3869,3858,3884,3991,3925,3906,3960,3951,3940,3796,3838,3797,3904,3900,3959,3818,3973,3899,3858,3883,4074,3801,3905,3972,3815,3939,3956,4078,3811,3976,3907,4011,4002,3865,3883,3799,3891,3874,3941,3911,3856,3956,3859,3879,3928,3903,3977,3836
75,3962,3841,3934,3979,3948,3980,3912,3940,3917,3926,3902,3865,3896,3904,3980,4064,3920,3944,3833,3957,4031,4020,3876,3799,3864,3875,3941,3893,3865,3909,3959,3806,3885,3856,3976,3906,3896,3837,3866,3969,3912,3940,3900,4007,3929,3951,3982,4013,3838,3957,3856,3877,3930,3943,3904,3866,3948,3906,3866,3947,3978,3823,3900,3895
76,3848,3878,3954,3878,3875,3924,3800,3879,3882,3869,4007,3921,3839,3980,3783,3942,3859,3800,3952,3981,3974,4039,3867,4033,3889,3911,3955,3927,3886,3831,3996,3896,3881,3925,3983,3937,3917,3917,3838,3816,3845,3889,3964,4010,4018,3968,3834,3905,3947,3911,3808,4013,3932,3979,3835,3926,3785,3853,3918,3769,3995,3989,4013,3795
77,3834,3952,3932,3719,3915,3850,3976,4035,3808,3960,3937,3848,3922,3807,4049,3855,3776,3840,3854,3950,3899,3885,3892,4018,3831,3938,3954,3884,3885,3940,3941,3883,3877,3939,4078,3897,3883,3913,3840,3833,3936,3990,3925,3957,3920,3835,3941,3826,3822,3976,3992,3840,3839,3899,3809,3963,3885,3894,3870,3888,3905,3921,4070,3855
78,3935,3883,3932,4039,3747,3874,3949,3834,3900,3934,3798,4027,3959,4042,3916,3856,3968,4010,3921,3965,4011,3756,3914,3766,3916,3917,3793,3795,4001,3925,4031,3858,3997,3902,3979,3906,3968,3827,3951,3977,3851,3957,3956,3825,3979,3966,3925,4024,3892,3857,3883,3893,3959,3876,3889,3843,3916,3967,3923,3919,3993,3852,3769,3896
79,3928,3859,3881,3933,3841,3873,3905,3801,3859,3894,3875,3857,3916,3817,3871,3961,3877,3916,3990,3936,4026,3795,3823,3900,3873,3855,4005,3847,3854,3933,3866,3976,4015,3951,3861,3959,3908,3876,3924,3966,3895,3864,3847,3919,3981,3831,3922,3846,3875,3972,3898,3928,3953,3980,3852,3846,3996,3868,3923,3923,3949,4009,3994,3888
80,3816,3922,3886,3972,3873,3917,3842,3939,3874,3798,3979,3836,3872,3825,3927,3886,3861,3853,3851,3863,3802,3848,3814,3836,3900,3960,3980,3856,3977,3905,3988,3836,3953,3953,3908,3912,3929,3718,3908,3830,3902,3814,4033,3838,3870,3930,3898,3854,3901,4027,3890,3927,3770,3796,3835,3960,3899,3837,3985,4028,3853,3928,3918,3926
81,3807,3966,3917,3847,3835,3922,3815,3897,3871,3808,3810,3954,3943,3967,4039,3804,3983,3938,4017,3848,3924,3910,3779,3900,3791,3939,3922,3827,3944,3791,3786,3914,3849,3870,3948,3826,3904,3980,3952,3824,3892,3872,3843,3941,3918,3835,3964,3931,3909,3941,3872,3971,3988,3990,3865,4020,3878,3886,3869,3943,3907,3928,3962,3908
82,3890,3969,3938,4041,3989,3919,3863,3954,3924,3897,3897,3853,3980,3945,3908,3913,3947,3890,3865,3997,3939,3887,3893,3850,3896,3875,3941,3977,3910,3856,3910,3909,3871,3850,3881,3887,3936,3958,3960,3957,3836,3967,3944,3878,3938,3902,3899,3993,3881,3947,3851,3915,3967,3857,3957,3961,3886,3947,3855,3953,4004,3920,3850,3830
83,3973,3925,3880,3875,3977,3901,3924,3944,3828,3891,3859,3829,3852,3985,3923,3972,3811,3897,3943,3839,3884,3899,3974,3879,3968,3914,3858,3968,3965,3933,3848,3964,3807,3921,3993,3958,4081,3909,3794,3881,3932,3995,3920,3844,3871,4012,3916,3939,3987,3863,3890,3859,3871,3911,3861,3916,3920,3945,3981,3823,3816,3840,3952,3877
84,3831,3891,3874,3898,3870,3859,3845,3990,3898,3984,3984,3874,3902,3997,3905,3889,3972,3974,3892,3941,3879,3866,3978,3929,3792,3839,3815,3917,3843,3994,3937,3962,3904,3935,3906,3891,3938,3821,3916,3878,3958,3922,3921,3906,3928,3901,3989,3855,3848,3850,3880,3850,3885,3865,3894,4000,3895,3901,4092,4023,3883,3912,3997,3849
85,3883,3766,3967,3941,3912,3977,3906,3963,3907,3847,3734,3869,3776,3980,3967,3805,3833,3826,3877,3904,3956,3854,3883,4029,3762,3994,3890,3825,3876,3917,3934,3957,3909,3842,3952,3873,3902,3946,4014,3873,3875,3976,3913,3874,3909,3834,3963,3891,3949,3903,3945,3847,3895,3871,3967,3760,4031,3942,3802,3924,3797,3930,3924,3883
86,3926,3849,3901,3926,3926,3960,3933,3868,3920,3972,3882,4006,3898,3862,3954,3971,3918,3870,4007,3853,3891,3906,3787,3866,3958,3920,3869,3913,3945,3859,3909,3854,3893,3954,3922,3971,3980,3942,4005,3850,3915,3945,3891,3950,3996,3825,3957,3863,3823,3962,3856,3911,3822,3981,3931,4055,3885,3916,3989,4002,3811,3940,3923,4023
87,3758,3992,3902,4021,3872,3919,3942,3971,3933,3924,3888,3892,3985,3899,3951,3893,3914,3914,4024,3881,4003,3874,3833,3987,3877,3852,3940,3923,4016,3979,3965,3829,3898,3892,3856,3888,3848,3944,3985,3947,3939,3887,3978,4007,3928,3860,3944,3931,3863,3742,3832,3964,3897,4054,3983,3898,3817,3919,3895,3900,3839,3895,3981,3855
88,3914,3897,3924,3865,3885,3975,3955,3885,3846,4017,3937,3800,3933,3895,3910,3869,3992,3884,3834,3918,3918,3929,3952,3901,3906,3925,3830,4022,3846,3843,3934,3920,4019,3899,3845,3935,4027,3898,3876,3849,3908,3897,3849,3810,3781,3886,3872,3948,3838,3924,3937,3800,3903,3894,3951,3792,4012,3839,3977,3956,3891,4005,3849,3920
89,3943,3958,3976,3879,3924,3818,3972,3940,3883,3909,3949,3905,3991,3971,3931,3975,3958,3868,3840,3864,4031,3911,3937,3887,3905,3997,3815,3919,3945,3990,3863,3980,3952,3984,3876,4064,3808,3971,3904,3879,3932,3994,3926,3929,4014,3879,3785,3872,3858,3882,3843,3980,3830,3866,3858,3951,3914,4034,3938,3879,3864,3951,3929,3831
90,3953,3939,3794,3827,3948,4010,3906,3865,3755,3862,3901,3853,3824,3893,3897,3879,3917,3951,3921,3813,3811,3919,3924,3850,3936,4033,4001,3958,3845,3903,3853,3832,3901,3962,3956,3868,3910,3960,3988,3971,3987,3913,3763,3873,3844,3899,3926,3853,3920,3911,3848,3910,4049,3985,3885,3941,3881,3809,3833,3954,3912,3912,4058,3968
91,3803,3882,3878,3842,3844,3910,3839,4017,3847,3819,3805,3896,3873,4006,3946,3979,3949,3880,3912,3816,4094,4007,3873,3848,4018,3972,3926,3998,3938,3841,3914,3737,3900,3910,3927,3959,3929,3818,3907,3914,3906,3882,3926,3886,3976,3898,3762,3809,3854,3904,3963,3978,3770,3982,3855,3904,3929,3925,3732,3849,3900,3960,3876,3894
92,3878,4098,3938,3765,4045,3914,3838,3881,3893,3902,3901,3914,3996,3918,3939,3912,3820,3886,3943,4002,3845,3922,3917,3835,3866,3991,3936,3928,3891,3885,3965,3897,3878,3964,3944,3871,3924,3851,3897,3958,3930,3982,4009,3968,3907,3956,3863,3949,3996,3981,3970,3965,3922,3850,3979,3991,3907,3973,3933,3885,3996,3869,3996,3825
93,3809,3850,3960,3859,3951,4070,3832,3973,3814,3785,3883,3919,3917,3908,3867,4015,3879,3990,3906,3771,3938,3894,3879,3911,3985,3937,3951,3832,3906,3815,3827,3982,3899,3880,3924,3869,3971,3864,3975,3896,3924,3823,4029,3940,3933,3831,3914,3888,3965,3929,3898,3938,3960,3900,3899,3844,3955,3965,3923,3927,3939,3988,3960,3918
94,3940,3990,3977,3868,3958,3823,3935,4003,3863,3976,3957,3929,3937,3883,3835,3894,3947,3950,3882,3840,3872,3847,4019,4020,3999,3956,3893,3880,3916,3949,3876,3987,3858,3971,3925,3840,3935,3941,3948,3997,3959,3873,3873,3904,3938,3885,3831,3863,3879,3804,4031,3926,3995,3856,3894,3930,3855,3842,3878,3871,3834,3822,3885,3899
95,4028,3840,3877,3928,3849,3834,3844,3892,3879,3878,3830,3841,3901,3921,3912,3983,3897,3870,3965,3858,3989,3935,3913,3837,4025,3894,3843,3975,4021,3891,4022,3932,3980,3798,3845,3968,3984,3940,3891,3876,3959,3893,3964,4019,3853,3937,3984,3923,3823,3863,3915,4005,3990,3927,3922,3970,3861,3928,3910,3872,4023,3963,3897,3878
96,3958,3853,3873,3864,3852,3885,3924,3983,3924,3938,3868,3878,3872,4039,3949,4105,3892,3832,3943,3975,3846,3870,3946,3893,3901,3964,3973,3936,3895,3889,3825,3850,3905,3875,3899,3852,3891,3906,3892,3990,3864,3986,3952,3900,3912,3898,3906,4057,3824,4009,3899,3820,3872,3969,3846,3901,3932,3891,3862,3929,3927,3914,3908,3818
97,3879,3927,3904,3892,3956,3970,3924,3896,3760,3802,3961,3857,3962,3965,3859,3839,3820,3908,3891,3990,3844,3884,3882,3961,3933,3896,3918,3880,3996,3918,3904,3869,3993,4041,3863,3874,3803,3922,3916,3869,3896,3984,3988,3983,3851,3938,3812,3868,3876,3854,3868,3926,4019,4045,3792,3859,3985,3948,3981,3937,4014,3938,3912,3882
98,3956,3905,4036,3853,3977,3803,3937,3935,3872,3834,3893,3951,3892,3916,3867,3895,3901,4007,3930,3884,3996,3850,3862,3871,3819,3857,3869,3910,3857,3885,3889,3975,3926,3857,3845,4016,3960,3917,3945,3942,3977,3930,3935,3796,3833,3935,3966,3945,3982,3990,3866,3924,3758,3962,3822,3974,3769,3829,3924,3942,3865,3909,3918,3878
99,3937,3869,3854,3870,3946,3922,3921,3892,3939,3855,3924,4051,3807,4009,3813,4030,3973,3823,3938,3951,3955,3946,3944,3786,3940,3949,3817,3900,4047,3873,3899,3905,3797,3849,3886,3884,3937,3983,3899,3790,3892,3868,3842,3834,3958,3826,3744,3904,3989,3805,3868,3929,3915,3842,3807,3887,3946,3883,3816,3936,3917,3871,3819,3957
100,3888,3893,3939,3924,4008,3934,3896,3938,3986,3991,3779,4020,3931,3895,3918,3855,3985,3853,3900,3829,3964,3940,3780,3960,3783,3974,3858,3870,3873,3839,3847,3867,3904,3919,3892,3802,3829,3902,3970,3974,3858,3850,3945,3863,3897,3875,3901,3900,3990,4034,3938,3893,3863,3894,3941,3933,3877,3899,3948,3934,3967,3912,3931,3954
101,3969,3814,4053,3822,3830,3948,3887,3959,4013,3930,3934,3994,3914,3991,4009,3996,3962,4003,3951,3902,3957,3798,3928,3885,3925,3948,3926,3856,3894,3985,3898,3789,3881,3993,3844,3906,3862,3898,3909,3822,3905,3857,3938,3830,3928,3942,4025,3870,3823,3963,3870,3923,3904,3901,4019,3955,3895,3928,4049,3904,3844,3875,3899,3969
102,3916,4032,3847,3954,4006,3838,3922,3891,3932,3922,3875,3900,3940,3958,3848,3918,4082,3937,3776,4005,3977,3874,3916,4008,3932,4030,3937,3980,3820,3965,3928,3892,3950,3954,3985,3907,3828,3832,3974,3918,3948,3975,3845,4000,3862,3908,3865,4030,3861,3936,3864,3981,3968,3865,3896,3877,3907,3928,3876,3938,3951,3820,3776,3782
103,3814,3876,3911,3974,3869,3921,3895,3961,3994,3854,4000,3985,3895,3826,3998,3789,3850,3943,3877,3903,3953,3928,3825,3949,3881,3880,3809,3863,3927,3876,3956,3813,3873,3863,3905,3838,3963,3984,4042,4013,3901,3798,3882,3930,3888,3872,3940,3997,3948,3909,4010,3819,4060,3862,3939,3751,3976,3884,3892,3962,3902,3899,3965,3905
104,3935,3993,3926,3969,3910,3836,3954,3889,4024,3785,3914,3893,3911,3936,3880,3910,3852,3818,3944,3922,4015,3946,3892,3917,3960,3818,3860,3803,3802,3903,3914,3827,3811,3923,3924,3868,3963,3858,3858,3893,4039,3939,3942,4037,3975,3901,3814,3868,3813,4013,3888,3977,3764,3870,3914,3844,4004,4001,3952,3882,3975,3979,3875,4006
105,3979,3817,3811,4009,3835,3989,3881,3928,3765,3910,3891,3891,3962,3869,3911,4003,3914,3915,4018,3914,3823,4001,3945,3847,3882,3890,4075,3791,3914,3821,3904,3858,3973,3917,3895,3962,3931,3915,3850,3904,3851,3914,3925,3918,3814,3978,3937,3924,4012,3905,3899,3868,4018,3831,3820,3870,3930,3973,3844,3914,3943,3987,3859,3933
106,3847,3859,3948,3973,3928,3918,3927,3824,3878,3934,3817,3888,3776,3867,3884,3881,3941,4000,3995,3897,3993,4004,4010,3881,3957,3933,3940,3888,3876,3891,3931,3878,3861,3853,3796,3860,3931,3963,3817,3884,3891,3958,3800,3965,3922,3897,3926,3835,3926,3890,4008,3924,3820,3863,3875,3924,3905,3931,3843,3880,3857,3843,3850,3875
107,3844,3955,3955,4006,3919,3842,4024,3869,3930,3827,3937,3974,3995,3851,3905,3997,3902,3914,3939,3824,3904,3930,3872,3944,3923,3883,3921,3996,3954,3784,3942,3967,3860,3925,3782,3839,3860,3918,3896,3843,3942,3865,3954,3864,3890,3880,3924,3887,3902,3793,3960,3911,3897,3804,3836,3980,3916,3850,3923,3978,3861,4003,3921,3962
108,3914,3857,3859,3893,3996,3853,3889,3936,3896,4011,3915,3822,3830,3861,3940,3860,3891,3966,3828,3999,3708,3924,3941,3932,3881,3891,3917,3853,3930,3903,3943,3990,3811,3908,3902,3983,3882,3949,3833,3804,3849,3878,3865,3822,3781,3879,3841,3928,3993,3911,3828,3943,3892,3921,3976,3799,3873,3891,4037,3876,3788,3896,3881,3959
109,3884,4008,3919,3854,3825,3920,3882,3890,3869,3883,3920,3852,3883,3945,3890,3869,4049,3985,3868,3949,3817,3928,3863,3963,3972,3821,3951,3917,3926,3835,3862,3904,3936,3851,3906,3818,3828,3862,3923,3970,3915,3913,3944,3983,3759,4013,3763,3876,3867,3885,3981,3909,4054,3948,3835,3939,3916,3889,3866,3835,3777,3899,3893,3826
110,3847,3870,3977,4033,3940,4066,3840,3834,3924,3923,3936,3956,3880,3860,3980,3808,3995,3980,3998,3936,3887,4065,3944,3800,3876,3970,3967,3948,3930,3783,3993,3899,3784,3962,3887,3823,3971,3858,3990,3919,3880,3927,3782,3919,3977,4049,3756,3932,3832,3897,3922,3942,3849,3877,3947,3933,3888,3745,3903,3831,3809,3763,4004,3980
111,3870,3886,3734,3745,3905,3888,3852,3969,4018,3905,3894,3961,3844,3830,3878,3923,3799,3864,3816,3930,3974,3843,3950,3944,3754,3969,3858,3901,3936,3894,3786,3993,3922,3892,3835,3846,3853,3809,3875,3951,3961,3924,3958,3879,3837,3857,3878,3882,3884,3750,3920,3822,3958,3931,3936,3875,3796,3818,3879,3896,3914,4042,3866,3871
112,3935,3939,3788,3918,3970,3781,3916,3988,3962,3904,3879,3815,3886,3816,3901,3878,3991,3833,3892,3959,4061,3829,4020,3893,3902,3829,3941,3998,3845,3905,3976,3920,3866,3838,3915,3912,3891,3894,3893,3896,3876,3925,3961,4000,3966,3925,3891,3912,3843,3860,3888,4010,3986,3970,3880,3874,3947,3993,4018,3907,3966,3922,3797,3872
113,3979,3864,3886,4002,3931,3901,3878,3907,3842,3828,3893,3992,4052,3986,3863,3899,3868,3853,3986,3950,3918,4011,3949,3934,3873,3857,3874,3955,3797,3883,3912,3921,3881,3891,3926,3926,3874,3932,3879,3865,3834,3831,3935,3880,3881,3942,3837,3903,4027,3937,3952,3823,3801,3974,3852,3910,3904,3903,3752,3882,3855,3848,3906,3862
114,3926,3883,3717,3848,3936,3940,3901,3946,3905,3861,3923,3868,3952,3939,3929,3912,3945,3903,3939,3906,3989,3931,3998,3840,4025,3898,3970,3993,3925,3942,3867,3972,3888,3875,3869,3858,3864,3956,3864,4031,3916,3970,3972,3931,3804,3812,3900,3928,3918,3990,3897,3809,3811,3957,3864,3891,3934,3849,3961,3878,3926,3894,3959,3917
115,3882,3908,3962,3801,3990,3972,3858,3986,3829,3927,3931,3781,3936,3969,3767,3874,3941,3818,3840,3922,3839,3867,3849,3934,3857,3894,3885,3865,3804,3942,3906,3934,3867,3923,3897,3961,3950,3842,3933,4029,3850,3769,3972,3871,3982,4038,3917,3837,3853,3848,3939,3941,3878,3815,3942,3920,3856,3949,3926,3930,3847,3899,3880,3952
116,3927,3839,3961,3899,3952,3885,3897,3858,3911,3871,3962,3857,4025,4067,3838,3921,3886,3818,3949,3952,4006,3958,3985,3883,3962,3866,3827,3963,3857,3866,3911,3960,3963,3806,4055,3936,3850,3853,3808,3925,3857,3842,3810,3856,3981,3941,3866,3863,3859,3971,3876,3828,3930,3906,3783,3959,3898,3930,3835,3962,3953,3923,3901,3989
117,3880,3947,3825,3968,3962,3915,3857,3956,4071,3870,3900,3900,4001,3877,4086,3872,3863,3933,3938,3918,3836,3801,3936,3962,3831,3959,3885,3980,3943,3795,3912,4006,3892,3832,3818,3927,4057,3864,4025,3937,3855,3892,3845,3888,3757,3828,3866,3917,4021,3896,3942,3996,3934,3948,3920,3860,3933,3884,3886,3917,3935,3884,3855,3952
118,3922,3871,3961,3907,3855,3813,3920,3940,3975,3935,3886,3958,3930,3881,3990,3944,3889,3977,3897,3935,3898,3804,3769,3949,3994,3988,3904,3956,3983,3967,3857,4043,3927,3894,3851,3902,3831,3927,3901,3905,3898,3969,3998,3842,3888,3859,3889,3941,3916,3900,3878,3856,3891,3829,3811,3976,3911,3865,3879,3905,3804,3819,3983,3999
119,3990,3853,4047,3795,3845,3847,3945,3948,3998,3922,3787,3934,3804,3927,3840,3852,3894,3852,4005,3821,3921,3949,3864,3811,3855,3919,3977,3812,3909,3909,3846,3975,3951,3953,3799,3885,3924,3864,3803,3923,3897,3857,3873,3905,3968,3980,3813,3944,3833,3950,3906,3925,4015,4034,3868,4074,3815,3835,3908,3843,3840,3860,3990,3891
120,3963,3881,3849,3908,3825,3744,3986,3906,3891,4042,3922,3919,3754,3883,3974,3827,3865,3894,3861,4036,3885,3939,3892,3854,3879,3863,3972,3919,3819,3855,3924,3896,3939,3865,3953,3850,3926,3939,3961,3868,3978,3972,3887,3841,3910,3840,3877,3879,3906,3889,3864,3948,3965,3913,3884,3965,4088,3907,3889,3936,3847,3947,4041,3937
121,3937,3915,3928,3910,3880,3818,3919,4095,3885,3844,3870,3909,3965,3881,3928,3837,3995,3877,3911,3868,3790,3956,3953,3903,3886,3952,3874,3926,3967,3832,3917,3895,3855,3907,3786,3933,3967,3940,3888,4039,3925,3938,3913,3865,3878,3974,3905,3936,3961,3912,3857,3961,3887,4009,3776,3934,3806,3960,3889,3943,3931,3826,3935,3886
122,3758,4080,3902,3936,3938,3873,3944,3861,3917,3968,3930,3910,3880,3896,3818,3893,3882,3849,3873,3868,3837,3944,4018,3863,3825,3989,3935,4084,3884,3955,3767,3875,3866,4023,3905,3946,3895,3870,3866,3762,3951,3865,3902,4020,3797,3964,3877,3935,3937,3970,3934,3889,3844,3956,3926,3907,3821,3820,3940,3733,3917,3939,3796,3923
123,3895,3969,3794,4056,3953,3963,3950,3890,3927,3805,3886,3923,3885,3752,4036,3857,3955,3866,3833,3810,3944,3810,3952,3817,3904,3874,3964,3842,3893,3927,3847,3914,4008,3898,3803,3838,3812,3886,3900,4038,3908,3914,3935,4003,3945,3878,3984,3879,3946,3873,3933,3983,3990,3999,3935,3904,3969,4002,3912,3937,3875,3975,3773,3879
124,4187,3870,3906,3892,3911,3922,3899,4027,3880,3946,3976,3940,3883,3953,4006,3927,3868,3892,3841,3921,3927,3894,3984,3896,3975,3853,3910,4014,3888,3857,3919,3826,3942,3944,3860,3809,3953,3909,3984,3872,3903,3957,3750,3846,3826,3940,3887,3911,3849,3850,3933,3889,3987,3840,3935,3968,3946,4041,4011,3931,3810,3931,3894,3892
125,3905,3864,3915,3864,3974,3933,3855,4012,3983,3941,3849,3979,3826,3880,3995,3868,3832,3860,3986,4062,3958,3906,3901,3902,3980,3878,3886,3938,3960,3898,3956,3931,3935,3988,3854,3886,3915,3931,3929,3929,3947,3897,3901,3929,3872,3968,3949,3895,4008,3898,3977,3885,3946,3898,3922,3884,3914,3854,3920,3907,3836,3903,3891,3809
126,3919,3944,3938,3909,3887,3927,3995,3938,4045,3828,3965,3978,3888,3797,3787,4013,3837,3986,3927,3882,3933,3871,3918,3935,3887,3812,3886,3925,4015,3861,3897,3912,3863,3879,3921,3983,3895,3911,3974,3969,3887,3837,3940,3823,3946,3862,3979,3835,3906,3953,3813,3861,3955,3896,3852,3889,3890,4010,3867,3954,3935,3927,3921,4011
127,3886,3959,3865,3949,3912,3925,4006,3979,3977,3942,3739,3838,3958,3855,3928,3820,3881,3967,3863,3865,3820,3863,3882,3941,3916,3821,4034,3945,4010,3920,3964,3862,3862,3876,3992,3872,3944,3852,3897,3935,3856,3824,3921,3977,3925,3885,3977,3902,3856,3844,3822,3934,4023,4046,3800,3828,3911,3910,3933,3910,3824,3857,3945,3894
128,3942,3914,4049,3862,3958,3938,3936,3799,3879,4089,3787,3948,3896,3958,3969,3853,3936,3892,3933,3873,3874,3940,3958,3795,3895,3905,3804,3813,3933,4024,3867,3900,3845,3941,3852,4040,3920,3894,3804,3758,3898,4030,3922,3932,3964,3871,3825,3881,3944,3854,3906,3992,3998,3809,3866,3903,3993,3997,4023,3878,3790,3948,3917,3923
129,3952,3881,3878,3888,3833,3971,3902,3889,3862,3879,3941,3848,3949,3796,3764,3898,3896,4047,3829,3896,3913,3907,4031,3917,3839,3950,3821,3876,3830,3916,3882,3958,3985,4002,3903,3948,3835,3851,3906,3860,3858,3969,3936,3905,3877,3922,3899,3947,3872,3953,3933,3963,3886,3994,3874,3963,3912,3931,4042,3971,3925,3846,4034,3979
130,3850,3899,3886,3950,3944,3895,3883,3852,3872,3926,3978,3819,3981,3804,3928,3839,3914,3771,4046,3869,4012,3783,3840,3919,4039,3962,3895,3870,3884,3881,4040,3904,3847,3851,3967,3952,3902,3838,3798,3914,3906,3854,4001,3791,3865,3804,3871,3919,3852,3982,3936,3928,3858,3819,3856,3914,3905,3848,3950,3916,3829,3780,4006,3928
131,3908,3894,3915,3967,3976,3844,3962,3884,3876,3991,3914,3890,3879,3988,3899,3896,3748,3834,3801,3924,3810,3927,4045,3942,3861,3926,3882,3867,3869,3891,3976,3894,3969,3830,3947,3898,3883,3930,4035,3829,3941,3903,3943,3751,3904,3899,3999,3840,3821,3998,3936,4009,3965,3865,3874,4006,3817,3882,3967,3873,3899,3904,3838,4098
132,3927,3920,3883,3876,3932,4033,3929,3889,3744,3947,3894,3927,4014,3899,3889,3904,3866,3908,3944,3928,3929,3854,3819,3921,3887,3939,3878,3926,3921,3947,3886,3942,3925,3881,3888,3954,3896,3861,3870,3851,3923,3900,3885,4036,3935,3817,4084,3905,3903,3846,3766,3985,3890,3939,4028,3826,3929,3857,3916,3863,3836,3890,3883,3901
133,3970,4013,3852,3755,3909,3880,3793,3896,3901,3891,3941,3894,3990,3933,3922,3958,3795,3832,3999,3960,3885,3782,3879,4010,3834,3982,3938,3874,3924,4001,3944,4071,4024,3901,3928,4012,3979,3890,3890,3846,3891,3919,3902,3905,3984,3949,3952,4030,3924,3949,3930,3808,3892,3860,3963,3954,3923,3788,3888,3937,3859,3852,3930,4005
134,3789,3953,3861,3936,4020,3875,3906,3962,3945,3896,3970,3881,3918,3830,3970,3919,3871,3988,3877,3902,3879,3881,3952,3858,3878,3926,3787,3910,3898,3983,3988,3917,3869,3899,3925,3893,3944,3931,3925,3915,3839,3934,3959,3884,3957,3984,3941,3947,3938,3860,3879,3935,3839,3762,3986,3879,3896,3889,3937,3908,4147,3995,3792,3928
135,3919,3880,3916,4002,4084,3984,3920,4007,3968,3907,3873,4022,3918,4005,4017,3805,3800,3808,3922,3766,3985,3935,3894,3863,3894,3873,3978,3804,3921,3967,3868,3924,3935,3976,4067,3907,3934,3955,3809,4029,3857,3957,3881,3947,3991,3927,3948,3914,4036,3744,4009,3759,3954,3964,3793,3920,3874,3850,3819,3968,3954,3929,3870,3991
136,3928,3847,3859,3959,3921,3868,3862,3927,3795,3936,3921,3851,3959,3965,3885,3962,3987,3830,3921,3993,3931,3901,3877,3861,3940,3920,3935,3914,3908,4003,3837,3924,3884,3978,3898,3866,3891,3905,3895,3899,3879,3903,3895,3767,3916,3915,3861,3895,3963,3998,4001,3918,3775,4068,3971,4007,3872,3962,3897,3672,3901,3859,3816,3948
137,3833,3943,3974,3879,3924,3818,3950,3778,3992,3888,3935,3812,3878,3906,3839,3923,3866,3867,3896,3984,3911,3716,3936,3907,3892,3843,3923,3914,3903,3822,3860,3945,3940,3890,3852,3990,3904,3885,3945,3844,4027,3907,3950,3887,3857,3847,3890,3858,3795,3785,3908,3930,3835,3947,3949,3954,3985,3829,3834,3844,3852,3985,3923,3822
138,3961,3778,3865,3875,3932,3899,4068,3837,3926,3895,3900,3922,3885,3919,4004,3903,3874,3882,3928,3888,3950,3912,3937,3839,3863,3801,3796,3952,3960,3910,3933,3988,3842,3855,3822,4013,3782,3868,3982,3998,3877,4001,3876,3930,3912,3970,3995,3969,3859,3919,3945,3860,3846,3946,3995,3882,3977,3974,3872,3841,3931,3907,3914,3811
139,4002,3841,3920,3836,3867,4005,3793,3966,3879,3915,3835,3960,3972,3977,3786,3972,3760,3863,3945,3917,3897,3876,3800,3920,3993,3974,3817,3817,3865,3881,3970,4019,3954,3827,4032,3935,3956,3935,3908,3828,4009,3906,3989,3877,3893,3892,3972,3956,3963,3846,3899,3840,3841,3786,3865,3790,3907,3886,3883,4009,3946,3913,3849,3955
140,3942,4023,3927,3864,3917,3816,3982,4041,3893,3924,3959,3971,4057,3902,3935,3911,3844,3926,3867,3855,3922,3872,3972,3984,3848,3918,4025,3926,3932,3880,3876,3820,3771,3963,3868,3925,3827,3942,4004,3817,3933,3794,4009,3879,3897,3901,3790,3891,3910,3929,3941,3799,3855,3999,3914,3920,3952,3820,3837,4104,3910,3921,3957,3961
141,3993,3856,3906,3879,3884,3957,3915,3909,3892,3841,4011,3880,3892,3907,4012,3873,3841,3852,3908,3893,3927,3899,3914,3934,3762,3857,3948,3874,3937,4063,3910,3849,3775,3886,3857,3887,3804,3989,3917,3939,4063,3894,3941,3934,4015,3936,3897,3947,3854,3967,3869,3888,3928,3831,3949,3984,3871,3949,3927,3868,3921,3894,3820,3878
142,3927,3990,3981,3911,3969,3902,3851,3967,3935,3923,3863,3881,3849,3969,3960,3945,3925,3973,3833,3849,3839,3826,3950,3750,3843,3838,3962,3838,3801,3946,4004,3787,3823,3885,3813,3856,3899,3993,3901,4011,3842,3865,3939,3943,3883,3906,3827,3970,3854,3848,3921,3943,3985,3879,3864,3858,3919,3969,3930,3810,3918,3845,3871,3937
143,3890,3934,4017,3884,3999,3908,3997,3813,3919,3908,3917,3896,3773,3800,3908,3931,4111,3800,3960,3997,3958,3887,3973,3885,3857,3908,3910,3977,3871,3897,3913,3849,3924,3861,3950,3821,3946,3868,3912,3871,3940,3903,3824,3963,3900,3928,3927,3796,3916,3853,3934,3931,3959,3914,3867,3959,3927,3876,3950,3927,3878,3895,3956,3969
144,3950,3882,3872,3897,3930,3781,3939,3943,3841,3839,3890,3938,3917,3952,3935,3859,3938,3829,3814,3838,3831,3915,4006,3917,3775,3881,3948,3945,3770,3960,3907,3853,3981,3990,3924,3892,3995,3909,3831,3937,3898,3837,3832,3906,3890,3937,3838,3932,3799,3954,3951,3908,3866,4023,3959,4000,3860,3831,3969,3926,3968,3934,4013,3985
145,3800,3934,3889,3901,3868,3850,3823,3846,3887,4029,3856,3948,3906,3827,3851,3742,3899,3967,3953,4011,3921,3971,3829,3926,3951,3819,3904,3965,3827,3993,3867,4033,4077,3984,3947,3872,3945,3926,3872,3958,3866,3951,3976,3927,4009,3958,3877,3878,3872,3986,3815,3953,3794,3941,3996,3855,3888,3863,3951,3964,3927,3787,3871,3863
146,3976,3990,3832,3883,3888,3903,3826,3889,3900,3957,3975,3931,3912,3924,3931,4028,3891,3889,3852,3900,4031,3991,3975,3938,3876,3983,3916,3965,3986,3955,3995,3765,3796,3945,3975,3785,3962,3886,3970,3771,3983,3928,3851,3813,3899,3931,3886,3962,3941,4038,3926,3832,3996,3893,3928,3969,3863,3944,3909,3865,3948,3979,3932,3844
147,3891,3974,3791,3966,3894,4006,3858,3993,3879,3898,3946,3862,3835,3975,3894,3863,3923,3949,3908,3904,3748,3997,3875,3909,3907,3909,3971,3967,3929,3839,3946,3984,3915,3890,3896,4037,4030,3984,4078,3950,3971,3976,3872,3862,3900,3840,3969,3970,3873,3993,3835,3839,4019,3947,3917,3933,3929,4066,3931,3965,3923,3864,4000,3938
148,3864,3918,3970,3902,3832,4008,3810,3874,3936,3803,3791,3833,3858,3903,3853,3938,3875,3871,4058,3879,3918,3889,3891,3914,3977,3816,3885,3853,3917,3970,3953,3872,3881,3760,4068,3834,3882,4018,3841,3920,3926,3948,3940,3818,3872,3854,3863,3952,3886,4064,3905,3875,3883,3835,3948,3933,3754,3910,3786,3951,3951,3972,3921,3756
149,3918,3843,4043,3904,3789,3962,3964,3882,3849,3945,3897,3901,3830,3881,3939,3801,3971,3870,3911,3863,3882,3951,3837,3881,3869,3881,3845,3951,3919,3976,3958,3898,3798,3974,3859,3999,3719,3888,3856,3843,3973,3967,3930,3782,3951,3925,3890,3896,3862,3873,3948,3996,3968,3971,3925,3871,3956,3946,3864,3866,3872,3941,4080,4040
150,3807,3819,3938,3845,3894,3998,3920,3907,3807,3918,3842,3803,3926,3822,3935,3925,3903,3857,3870,3906,3878,3919,3998,3798,3968,3959,3861,3881,3903,3864,3927,4031,4042,3820,3875,4057,3940,3890,3940,3946,3923,3880,3849,3867,3892,4001,3829,3883,3936,3890,3910,3983,3971,3961,4050,3943,3941,3897,3884,3849,3856,3896,3870,3845
151,3848,3980,3862,3867,3930,3925,3916,3959,3932,3946,3914,3960,3953,3835,3827,3916,3802,3823,3931,3945,3841,3831,3951,3914,3946,3943,4061,3887,3903,3882,3911,3882,3914,4015,3861,3898,3878,4009,3896,3860,3826,3865,3867,3832,3835,3952,3875,3888,3970,4067,3906,3974,3885,3943,3907,3930,3906,3812,3886,3814,3830,3917,3935,3883
152,3889,3874,3925,3837,3762,3838,3917,3850,3868,3823,3888,3883,3850,3852,3862,3891,3887,3858,3980,3995,3811,3867,4046,3887,3730,3997,3918,3903,3989,3929,3877,3917,3786,3941,4008,3946,3758,3954,3921,3980,3922,3945,3907,4011,3932,3925,3902,3868,3993,3844,3889,3840,3941,3821,3861,3902,3878,3928,3871,3966,3881,3956,3907,3937
153,3879,3857,3883,3856,3856,3876,3907,3914,3850,3890,3942,3892,3926,3842,3947,3870,3794,3843,3904,3841,3924,3844,3939,3856,3956,3875,3919,4005,3882,4009,3949,3869,3799,3957,4103,3949,3883,3866,3796,4016,3933,3880,3925,3875,3875,3942,4024,3896,3854,3819,3907,3859,4047,3968,3915,3897,3969,3868,3784,4060,3906,3938,3967,3828
154,3943,3861,3852,3925,3908,3912,3864,3845,3885,4039,3922,3882,3852,3818,3813,3947,3943,3840,3963,3916,3951,3989,3810,3949,3825,3894,3784,4028,3871,4020,3824,4064,3959,3799,3989,3942,3981,3914,3913,3772,3844,3909,3879,3853,3920,3974,3995,3963,3927,3981,3939,3939,3975,3891,3937,3840,3913,3917,3910,3836,3861,3891,3919,3977
155,3781,3862,4007,3864,3949,3914,4019,3924,3938,3957,3839,3912,3888,3969,3935,3879,3928,4030,3958,4014,3837,3933,3922,3943,3719,3966,3927,3847,3907,4002,3889,3852,3919,3877,3910,3869,3875,3910,3898,3862,4023,3977,3846,4069,3848,3865,3942,3907,3901,3879,3856,3824,3865,3915,3874,4006,3846,3909,3880,3879,3838,3844,3974,3873
156,3930,3866,3920,3928,3833,3870,3876,3951,3907,3901,4077,3935,3876,3863,3982,3926,3929,3999,3909,3899,3968,3811,3987,3873,3904,3821,3860,3813,3858,4036,4025,3993,3937,3891,3975,3907,4007,3862,3827,3862,3861,3881,3897,3943,3930,3924,3849,3892,3935,3809,3980,3872,3939,3896,3899,3848,3989,3834,3771,3905,3933,3904,3916,3898
157,3847,3805,3805,3929,4008,3825,3880,3892,3894,4018,3948,3878,3989,3910,3924,3875,3962,3893,3977,3874,3875,3820,4026,3869,3916,3913,3950,3896,3918,3976,3949,3852,3891,3917,3947,3948,3929,3840,3945,3889,3858,3946,3903,4016,3851,3911,3779,3979,3948,3873,3863,3865,3941,3862,3936,3949,3902,3940,3896,3847,3894,4022,3894,3795
158,3966,3829,3999,3827,3874,3948,3924,3928,3949,3855,3985,3969,3891,3905,3867,3845,3874,3911,3826,3947,3914,3881,3908,3965,4010,3836,3876,3867,3928,3967,3962,3854,3918,3839,3861,3914,3924,3909,3955,3789,3887,3858,3856,3899,3981,3805,3891,3883,3866,3882,3891,3839,4009,3858,3881,3967,3836,3887,3884,3826,3913,3927,3848,3903
159,3864,3912,3858,3965,3785,3798,3876,3747,3991,3793,3853,3927,3884,3835,3940,3880,4059,3981,3875,3930,3812,3892,3852,3960,3966,3813,3956,3817,3830,3923,3871,3818,3892,3873,3955,3932,3907,4000,3932,3972,3989,3944,3912,3846,3990,3820,3886,3940,3832,3894,3939,3905,3943,3856,3933,3906,3827,3861,3834,4000,3849,3939,3955,3858
160,3929,3901,3852,3825,3772,3780,3969,3945,3949,3905,3736,3943,3863,3907,3915,3928,3907,3990,3892,3849,3887,3942,3975,3873,3845,3889,3887,4106,3934,3943,3969,3758,3948,3848,3824,3775,3918,3899,3952,3827,3844,3959,3976,3866,3738,4032,4000,3916,3959,3923,3872,3842,3957,3933,3870,4005,3895,3886,3916,3918,3954,3962,3845,3900
161,3873,3986,3875,3928,3908,3939,3833,3977,3964,3932,3928,4029,3895,3956,3946,4011,3881,3872,3848,3967,3913,3924,3894,3865,3803,3912,3931,3945,3981,3839,3940,3835,3992,3927,3850,3966,3969,3828,3848,3866,3909,3942,3873,3885,3826,3863,3776,3934,3985,3941,3854,3756,3934,3869,3899,3917,3988,3947,3930,3912,3926,3920,3869,3856
162,3971,3883,3843,3900,4001,3905,3764,3974,3787,3911,3932,3828,3801,3813,3949,3893,3957,3957,3963,3952,3870,3941,3879,3822,3948,3783,3878,3902,3880,3875,3925,4002,3866,3981,3929,3947,3979,3981,3906,3881,3923,3972,3956,3956,4044,3887,3900,3984,3841,3991,4021,3818,3964,3971,3945,3884,3823,3831,3992,3925,3927,3784,3790,3987
163,3936,3895,3994,3940,3987,3800,3823,3878,3832,4042,3911,3913,3976,3962,3868,3883,3863,3878,3909,3839,3927,3951,3973,3884,3872,4007,3964,3977,4004,3924,3958,3936,3901,3857,3891,3878,3950,3984,3859,3815,3981,3921,3853,3876,3819,3825,3901,3879,3897,3935,3942,3956,3897,3913,4010,3944,3914,3919,3917,3874,3939,3845,3792,3809
164,3872,3835,3799,3934,3983,3882,3901,3871,3877,3913,4048,3938,3822,3820,3935,3871,3922,3814,4030,3893,3858,3937,3962,3985,3901,4026,3822,4000,3923,3994,3962,4001,3879,3966,3866,3810,3830,3918,3940,3949,3938,3762,3924,3929,3953,3880,4021,3806,3888,4000,3898,4010,3839,3792,3910,3892,3884,4003,3972,3931,3921,3904,3860,3840
165,3975,3831,3905,3822,3753,3918,3875,3846,3934,3826,3839,3955,3858,3894,3977,3955,3815,3904,3872,3878,3932,3792,3846,3793,3858,3826,3846,3919,3836,3982,3916,3922,3909,3981,3941,3814,3964,3966,3817,3844,3869,3814,3821,3873,3956,3878,3939,3943,3860,3839,3812,3903,3825,3927,3873,3867,3874,4040,3936,3911,3978,3868,3957,3882
166,4001,3936,3965,3979,3863,4023,3898,3827,3914,4018,3782,3832,3931,3923,4000,3777,3944,3960,3996,3831,3836,3898,3928,3925,3897,3936,3816,3946,4021,3896,3962,3887,3873,3880,3870,3953,3882,3983,3835,3873,3881,4013,3961,3868,3801,3931,3831,3872,3901,3870,3925,3940,3923,3892,3841,3853,3946,3917,3932,3944,3846,3799,3785,3943
167,3896,3891,3882,3814,4033,3716,4045,3961,3855,3910,3869,3894,3980,3840,3953,3997,3958,3954,3769,3876,3938,3847,3871,3928,4023,3985,3980,3831,3858,3981,3936,3894,3915,3985,3924,3856,3932,3972,3994,3951,3869,3966,3875,3926,3821,3873,3961,3819,3919,3862,3918,3941,3888,3970,3800,3880,3976,3941,3779,3826,3859,3976,3912,3899
168,3920,3974,3883,3913,3911,3963,3910,3827,3915,3846,3865,3891,3806,3893,3920,3927,3985,3928,3904,3842,3946,3771,4005,3972,3904,3910,3891,4074,3891,3817,3871,3886,3893,3863,3908,3893,3932,3833,3928,3803,3923,3944,3999,3979,3969,3847,3851,3981,3876,3931,3884,3940,3937,4022,3969,3757,3855,3957,3964,3789,3808,3893,3928,3871
169,3864,3842,3841,3862,3927,3926,3896,3894,3830,3851,3892,3934,4103,3929,3898,3914,4000,3919,3939,3986,3947,3948,3888,3857,3837,3880,3833,3881,3943,4018,3844,3917,3918,3894,3887,3906,3976,3755,3844,3839,3905,3870,3934,3895,3863,3975,3924,3931,3947,3916,3864,3854,3908,3952,3828,3924,3877,3925,3870,3821,3875,3965,3930,3920
170,3894,3900,3979,3864,3904,3842,3940,3877,3921,4054,3880,3873,3924,3896,3901,3951,4066,3972,3804,3931,3799,3874,3960,3945,3921,3919,3837,3932,3874,3856,3837,4018,3907,4004,3933,3924,3898,3985,4009,3869,3998,3940,3860,3994,3857,3982,3873,3960,4027,4005,3998,3976,4000,3883,3870,3970,3937,3947,3972,4040,3853,3921,3860,3979
171,4041,3851,3951,3972,3822,3806,3980,3917,3918,3933,3964,3882,3949,3868,3901,4008,3819,3797,3855,3915,3898,3901,3860,4029,3852,3871,3903,3891,3909,3956,3814,3898,3893,3990,3960,3790,3824,3894,3850,3863,3947,3869,4000,3957,3912,3872,3879,3881,3851,3899,3938,3918,3970,3896,4008,3849,4026,3847,3950,3890,3903,3862,3929,3985
172,3919,3845,3915,4009,3860,3844,3971,3887,3818,3892,3922,3978,3913,4027,3868,3803,3910,3985,3995,3973,3795,3931,3953,3870,3940,3848,3849,3795,3908,3902,3824,3887,3984,3932,3886,3954,3959,4026,3966,3854,3898,3965,3823,3975,3944,3983,3839,3904,3845,3881,3924,3904,3909,3882,3955,3877,3820,3950,3883,3978,3884,3826,3895,3941
173,3885,3944,3898,3920,3892,3883,3806,3991,3899,3856,3923,3910,3864,4044,3951,3918,3925,3855,3844,3940,3991,3976,3877,3968,3822,3903,3949,3936,3911,3848,3890,3866,3896,3850,3869,3975,3966,3939,3873,3858,3985,3858,3927,3807,3920,3879,3914,3891,3838,3893,3857,3896,3846,3854,3847,3839,4004,3917,3952,3836,3887,3971,3972,3931
174,3840,3945,3897,3859,3902,3941,3908,3801,3891,3857,3857,3834,3892,3859,3837,3862,3823,3917,4008,3834,3892,3842,3926,3936,3923,3886,3910,3921,3814,3834,3968,3770,3852,4002,3857,3816,3965,4099,4037,3787,3840,3825,3913,3898,3898,3927,3881,3787,3879,3977,3850,3978,3954,3719,3905,3898,3986,3967,4003,3875,3946,3914,3933,3847
175,3942,3981,3854,3851,3920,3912,3724,3877,3804,3826,3966,3925,3881,3855,3898,3823,3993,3879,3973,3757,3905,3857,3847,3904,3902,3979,3913,3915,3954,3993,3907,3981,3979,3989,3939,3852,3956,3999,3912,3908,3850,3925,4009,3920,3958,3865,3819,3963,3812,3939,4086,3981,3918,3871,3921,3889,3864,3990,3924,3853,3885,3911,3940,3858
176,3919,3966,3931,3955,3884,3848,3823,3894,3963,3983,3789,3891,3864,3963,4023,4058,3903,3885,3946,3886,3945,3831,3876,4004,3938,3945,3853,3825,3868,3904,3938,3875,3948,4039,3949,3873,3887,3959,3838,3980,3963,3704,3985,3741,3970,4037,3984,3958,3912,4007,3959,3874,3869,3983,3829,3929,3840,3969,3937,3873,3815,3885,3963,3830
177,3884,3923,3904,3988,3900,3869,3972,3920,3839,3952,3877,3976,3945,3914,3976,3979,3831,3893,3907,3792,3886,3854,3907,3851,3676,3914,3829,3824,3897,3799,3883,3993,3949,3927,3904,3763,3909,3821,3853,3956,3936,3884,3853,3960,3905,3920,3775,3872,3770,3973,3819,3944,3932,3861,3959,3821,3963,3911,3830,3937,3976,3875,3934,3942
178,3804,3886,3924,3881,3864,3982,3919,3949,3812,3971,3993,3846,3819,3909,3993,3923,3955,3822,3905,3945,3893,4022,3862,3871,3987,3888,3991,3890,3960,4051,3955,3891,3949,3986,3960,3975,3871,3891,3884,3814,3983,3963,3879,3934,3927,3981,3906,3846,3917,3876,3928,3961,3962,3782,3924,3977,3857,3868,3831,3752,4004,3971,3881,3845
179,3802,3855,3801,3994,3857,3862,3958,3960,3828,3860,3922,3934,3919,3908,3916,3982,3800,3993,3953,4017,3845,3899,3867,3856,3946,3793,3903,3935,3893,3849,3994,3875,3964,3930,3938,3940,3883,3897,3971,3971,3939,3916,3860,3827,3795,3814,4000,3919,3840,3877,3803,3850,3915,3889,3910,3894,3923,3922,3942,3984,3850,3923,3896,3902
180,3797,3925,3843,3847,4072,3915,3924,3946,3937,3881,3920,3917,3864,3923,3812,3887,3858,3926,3867,3872,3919,3945,3984,3844,3908,3918,3821,3914,3939,3880,3965,3957,3955,3930,3839,3856,4001,3909,3906,4003,3839,3958,3917,3868,3915,3891,3958,3939,3866,3867,3867,3959,3974,3936,4054,3871,3821,3871,3897,3919,3779,3940,3877,3869
181,3946,3922,3800,3983,3761,3928,3843,3945,3881,3896,3923,3989,4011,3900,3912,4071,3911,3859,3826,3900,3875,3895,3901,3878,3971,4107,3879,4010,3903,3857,3722,3798,4011,3960,3837,3941,3943,3977,3933,3917,3903,3938,3839,3816,3932,3928,3869,3964,3882,3704,3907,3935,3910,3972,3867,3856,3866,3974,3897,3813,3890,3892,4088,3884
182,3928,3880,3834,3948,4027,3956,4013,3886,3953,3947,3993,3745,3936,3927,3883,3871,3950,3932,3911,3868,4059,3895,3944,3851,3882,3956,3906,3890,3973,3859,3828,3835,3945,3949,3886,3867,3901,3765,3889,3948,3823,3915,3979,3940,3914,3854,3954,3773,3986,3899,3968,3938,3857,3881,3866,3885,3899,3878,3886,3961,3915,3870,3926,3959
183,3853,3931,3978,3936,3829,3997,3956,3950,3893,3913,3921,3893,3868,3764,3856,3953,3891,3956,3880,3857,3919,3972,3954,3900,3948,3928,3892,3847,3856,3948,3942,3898,3937,3974,3822,3906,3916,3916,3951,3954,3890,3980,3871,3918,3906,4034,3923,3878,3960,3914,3861,3888,3972,3854,3909,3892,3902,3918,3932,3832,3853,3832,3845,3921
184,3968,3985,3852,3863,3941,3841,3935,3974,3828,3970,3895,3924,3950,3975,3892,4086,3874,3944,3834,3907,3934,4049,3855,3868,3846,3850,3852,3916,3996,3812,3853,3940,3976,3886,3924,3822,3942,3850,3891,3922,3973,3986,3860,3927,3866,3894,3900,3915,3893,3920,3899,3803,3964,3858,3889,3831,3833,3976,4010,3850,3860,3930,3835,3872
185,3965,3930,3892,3910,3949,4018,3952,3877,3924,3986,3861,3894,3880,3988,3989,3892,3934,4055,3946,3774,3899,3978,3942,3892,3931,3831,3957,3934,3948,3775,3809,3954,3932,4025,3865,3912,3941,3955,3960,3859,3914,3951,3915,3899,3777,3870,3971,4031,3853,3851,3747,3881,3946,3888,3895,3795,3907,3963,3880,3940,3800,3943,3939,3865
186,3924,3910,3956,3915,3947,3849,3823,3886,4006,3857,4060,3938,3814,3919,3915,3917,3921,3856,3934,3947,3956,3904,3928,3884,3882,3961,3848,3934,3919,4006,3878,3813,3916,3806,3886,4003,4003,3890,3924,3885,3904,3987,3828,3914,3813,3844,3808,3836,3874,3908,4000,3856,4036,3866,3986,3856,3965,3926,3880,3944,3970,4031,3931,3820
187,3900,3781,3888,3871,3992,3928,3970,4036,3967,3890,3833,3919,3807,3967,3884,3810,3975,3949,3863,3941,3806,4001,3886,3915,3909,3987,3947,3962,3868,3853,3970,3988,3838,3929,3991,4023,3931,3849,3912,3867,3916,4019,3909,4054,3904,3924,3822,3937,4030,3789,4019,3855,3925,3943,3940,3929,3865,3974,3913,4031,3891,3968,3716,3940
188,3942,4011,3843,4011,4015,3798,4016,3829,3941,3919,3826,3864,3881,3961,3877,3890,3886,3943,3928,3820,3936,3873,3902,3914,3909,3861,3893,4049,3798,3844,3832,3854,3830,3978,3873,3880,3930,3858,3930,3984,3886,3969,3884,3889,3865,3914,3879,3800,3966,4008,3832,3801,3935,4016,3961,3878,3857,3852,3887,3866,3922,3884,3953,3925
189,3934,3972,3829,3915,3949,3804,3901,3847,3940,4005,3881,3928,3930,4042,3919,3813,4003,4027,3844,3920,3913,3938,3965,3943,3940,3923,3945,4057,3904,3908,4012,3896,3913,3901,3840,4012,3867,3864,3965,3957,3803,3918,3969,3864,3821,3972,3860,3968,3935,3994,3956,3932,3978,3911,3816,4003,3860,3850,4016,3932,3989,3996,3929,4017
190,3779,4020,3843,3945,3808,3940,3836,4030,3859,3989,3772,3804,3907,3794,3893,3933,3956,3845,3879,3874,3841,3917,3965,4021,3787,3782,3924,3871,3881,3929,3890,4032,3920,3866,3996,3889,3952,3953,4023,3927,3938,3874,3871,3988,3902,3958,3764,4013,4025,3902,4041,3935,3909,3902,3998,3936,4038,4006,3919,3929,3969,3922,4003,4024
191,3855,3860,3845,3925,3936,3987,3848,3825,3905,3984,3883,3900,3843,3956,3897,3863,3928,3811,3972,3946,3898,3843,3955,3949,3964,3951,3816,3878,3933,3925,3856,3863,3910,3932,3939,3849,3862,3968,3891,3836,3855,3940,3873,3915,3871,3952,3929,3831,3872,4011,3868,3925,3855,3784,3984,3823,3930,3877,3950,3992,3910,3975,3984,4008
192,3841,3910,3917,3803,3841,3877,3888,3828,3879,3862,3926,3963,3786,3837,3814,3929,3939,3887,3965,3968,3866,3855,3940,3871,3866,3882,3916,3870,3848,3973,3941,3881,3853,3917,3865,4011,3940,3979,3867,3998,3939,3886,3889,3915,3883,3829,4039,3881,3776,3897,3783,3866,3862,3948,3858,3994,3950,3911,3877,3868,3933,3952,3790,3901
193,3978,3813,3915,3897,3876,3877,3875,3917,3931,3945,3893,3953,4022,3908,3903,3985,3896,3862,3894,3912,3918,3955,3840,3871,3828,3931,3885,3928,3858,3838,4059,3898,3905,3826,4010,3930,3829,4009,3901,3908,3992,3989,4058,3848,3921,3956,3915,3912,3962,3918,3870,3909,3853,3892,3920,3763,3867,3953,4023,3810,3955,3896,3742,3820
194,3836,3875,3935,4012,3826,4003,4046,3938,4028,4023,3909,3971,3872,3910,3853,3932,3864,3883,3897,3977,3993,3855,3942,3881,3882,3841,3898,3857,3955,3894,3963,3962,3881,3907,3941,3970,3889,3956,3867,3912,3888,3983,4037,3888,3961,3919,3856,3784,3868,4002,3863,3791,3864,4009,3890,3900,3896,3859,3901,3884,3929,3851,3889,3948
195,3895,3853,3959,3808,3842,3822,3976,3917,3863,4061,3876,3988,3917,3855,3797,3875,3947,3882,3844,3952,4022,3924,3925,3883,3885,3929,3840,3981,3917,3934,3963,3884,3918,3848,3923,3839,3901,3964,3796,3954,3881,3862,3846,4007,3793,3959,3870,3876,3878,3965,3925,3917,3958,3788,3958,3966,3932,3921,3855,3819,3921,3970,3871,3896
196,3880,3936,3818,3932,3813,3906,3854,3849,3941,3810,3865,3940,3989,3963,3883,3888,3917,3843,3883,3895,3897,3903,3957,3885,3930,4059,3907,3826,3890,3894,3946,3883,3927,3800,4000,3907,3919,3910,3997,3875,3998,3915,3903,4021,3870,3986,3880,3890,3805,3971,3973,4003,3955,3913,3910,3959,3881,3910,3838,4010,3899,3920,3918,3874
197,3904,4025,3822,3772,3954,3947,3869,3935,3811,3879,3896,3862,3890,3827,3938,3953,3950,3930,3885,3849,3887,3928,4013,3943,3989,3929,3854,3880,4089,3936,3880,3852,3911,3812,3928,3931,3859,3943,3940,3922,3933,3889,3854,3949,3886,4000,3950,3877,3983,3913,3908,3905,3749,3849,3904,3972,3821,3976,3907,3883,3935,3970,3832,3934
198,3813,3979,3884,3956,4030,3912,3860,3976,3893,3890,3839,3772,3903,3918,3880,3949,3834,3801,3812,3948,3854,3944,3910,3823,3927,3847,3821,3835,3937,3903,3818,3871,3933,3809,3929,3903,3761,3860,3942,4004,3924,4031,3944,3755,3967,3846,4059,3976,3895,3922,4049,3867,3998,3898,3930,3877,3885,3913,3859,3973,3897,3945,3906,3938
199,3905,3925,4011,3948,4015,3818,3994,3878,3924,3835,3896,3872,3899,3926,4014,3984,3880,3887,3880,3881,3915,3881,3814,4013,4019,3904,4021,3832,3822,3981,3811,3862,3997,3854,3975,3904,3878,4065,3871,3898,4003,3828,3885,3937,3876,3873,3977,3970,3780,3854,3858,3837,3878,3899,3823,3923,3988,3850,3936,3917,3883,3836,4075,3935
200,3874,3876,4045,3929,3868,3800,3788,3869,3887,3921,3953,3895,3919,3971,3884,3883,4028,3986,3942,3729,3900,3945,3891,3928,3934,3876,3903,3859,3904,3920,3820,3926,3944,3769,3908,3824,4014,3916,3750,3793,3984,3869,3816,3872,3942,4080,3960,3925,3917,3938,3883,3845,3884,3935,3840,3796,3796,3822,3961,3743,3850,3945,3962,3842
201,3904,3871,3894,3893,3929,3982,3831,3918,3934,3839,3937,3780,3899,3846,3893,3817,3896,3947,3965,3929,3897,3911,3871,4050,3949,3897,3848,3983,3909,3897,3988,3820,3878,3788,3843,3918,3843,4001,3880,3921,3958,3914,3925,3873,3926,3907,3874,3879,3828,3817,3932,3899,3952,3997,3952,3859,3869,3930,3842,3808,3963,3968,3851,3884
202,3810,3960,3902,3954,3789,4025,3836,3810,3955,3930,3929,3963,3887,3923,3896,3925,3901,3945,3972,4016,3900,3951,3924,4010,3971,3934,3909,3973,3857,4012,3923,3780,3808,3941,3924,3906,3878,3987,3920,3903,3830,3954,3835,4005,3920,3944,3866,3931,3831,3817,3952,4007,3931,3994,3840,3954,3995,3860,3848,3915,3988,3978,3877,4133
203,3952,3947,3938,3990,3977,3958,3900,3860,3824,3867,3959,3968,3926,3930,3740,3871,3844,3927,3903,3925,3842,3889,3833,3967,3890,4058,3991,3962,3874,3913,3974,3907,3870,3908,3954,3924,3942,3895,3988,3875,3973,3852,3832,3966,3893,3910,3883,3804,3978,3841,3898,3970,3815,3915,3822,3938,3974,3783,3905,3846,3848,3859,3827,3954
204,3855,3968,3867,3915,3922,3960,3900,3959,3758,3944,3925,3983,3899,3806,3917,3781,3812,3840,3934,3931,3993,3939,3860,3862,3927,4007,3878,3868,3817,3934,3971,3872,3995,3938,3878,3934,3912,3914,3877,3916,3909,3933,3985,3888,3866,3966,3975,3923,3991,3891,3963,3926,3858,3846,3894,3878,4009,3841,3935,3951,3992,3888,3952,3989
205,3908,3913,3929,3815,3890,3997,3887,3938,3914,4081,3981,3879,3944,4002,3996,3841,3903,3900,3919,3890,3869,3966,3966,3895,3954,3815,3912,3849,3892,3776,3909,3940,3883,3805,3921,3826,3876,3897,3943,3818,3926,3724,3920,3890,3970,3962,3875,3832,3858,3853,3875,3893,3967,3973,3948,3912,3873,3976,3835,3828,3943,3951,3951,3982
206,3909,3992,3908,3866,3954,3787,3889,3828,3862,3810,3857,3852,3908,3880,3908,3932,3858,3935,3942,3853,3991,3921,3866,3842,3796,3942,3822,3832,3753,3921,3975,3826,3989,3781,4012,3916,3891,3866,3895,3885,4015,3829,3771,3832,4022,3861,3955,3856,3877,3972,3920,3924,3921,3858,3897,3905,3834,3890,3899,3942,3838,3882,3928,3909
207,3964,3915,3872,3938,3933,3890,3916,3964,3927,4001,3874,4020,3902,3873,3947,3864,3961,3921,3893,3975,3882,3878,3970,4056,3867,3890,3831,3910,3977,3964,3836,3897,3869,3953,3783,3910,3888,3808,3878,3997,3948,3837,3912,3987,3961,3938,3870,3904,3860,3866,4007,3785,3934,3938,3835,3904,3911,3890,3919,3926,3825,3965,3934,3810
208,3966,4001,3992,3924,3846,3789,3948,3862,3947,3887,3923,3851,3850,3897,3839,3927,3803,4003,3938,3846,3844,3996,3926,3918,3901,3877,4157,3905,3917,3830,3920,3893,3886,3910,3826,3954,3955,3790,3939,3781,3908,3851,3881,3960,3830,3898,3929,3742,3854,3912,3810,3907,3831,3832,3994,3944,3884,3895,3885,3877,3971,3977,3918,3965
209,4007,3857,3906,3863,3955,3882,3855,3889,3963,3860,3952,3883,3983,3973,3810,3837,3916,3859,3877,3980,3857,3961,3927,3876,3877,3983,3947,4019,3910,3790,3916,3901,3977,3946,3861,3876,3839,3825,3897,3927,3973,3922,3932,3961,3952,4025,3992,3980,3906,3972,3827,4000,3946,3936,3945,3797,3989,3966,3936,3877,3948,3984,3822,3740
210,3778,3996,3914,3906,3878,3805,4035,3904,3909,3968,3963,3927,3975,3872,3900,3885,3957,3972,3841,3850,3852,3887,3798,3849,3939,3871,3881,3910,3819,3905,3800,3913,3898,3880,3965,3920,3808,3816,3984,3970,3925,3934,3845,3976,3870,3911,4012,3981,3950,3880,3851,3888,3838,3955,3901,3969,3987,3917,3836,3817,3941,3833,3784,3923
211,3869,3953,3879,3928,3777,3935,3867,3909,3879,3900,3977,3904,3803,3885,3857,3857,3824,3909,3995,3911,3878,3900,3938,3855,3790,3928,3909,3892,3949,3998,3847,3868,3995,3884,3867,3944,3936,3892,3849,3885,3885,3872,3892,3789,3978,3871,3936,3836,3923,3922,3938,3852,3882,3942,3878,3912,3888,3916,4007,3929,3861,3965,3826,3810
212,3934,3892,3938,3980,3908,3878,4005,3858,3887,3950,3858,3946,3855,4045,3894,3913,3883,3809,3880,3867,3880,4051,3931,3902,3875,3784,3973,3790,3881,3953,3903,4014,3929,3836,3875,3912,3912,3856,3910,3913,3912,3846,3948,3959,3860,3932,3869,3912,3933,3845,3884,3905,3852,3838,4008,3930,3891,3928,3913,3978,3838,3985,4000,3856
213,3817,3887,3950,3894,3909,3846,3778,3881,3971,3878,4032,3900,3926,3770,3909,3858,3923,3913,3796,3950,3754,3968,3856,3840,3855,3875,3935,3959,3941,3966,3937,3878,3893,4031,3785,3861,3992,3927,3879,3851,3891,3878,3971,3878,3877,3908,3952,3941,3887,3880,3893,3879,3993,3956,3924,3960,3952,3884,3868,3831,3931,3797,3934,3984
214,3789,3856,3918,3943,3890,3888,3993,3972,4011,3897,3928,3915,3931,3901,3844,3857,3980,3953,3910,3852,3896,3937,3911,3807,3904,3967,3954,4026,3871,3890,3864,3910,3791,3819,3875,3916,3970,3903,3862,3898,3912,3851,3961,3956,3821,3881,3924,3890,3883,3839,3819,3853,3939,3869,3883,3942,3818,3864,3934,3949,3908,3975,3887,3876
215,3964,3955,3911,3874,3848,3868,3859,3918,3903,3844,3924,4026,3825,3935,3919,3844,3839,3907,3950,3912,3859,3908,3984,3801,4017,3828,4000,3921,3935,3926,3829,3915,3872,3993,3919,3868,3937,3870,3852,3890,3871,3942,3912,3790,3913,3790,3940,3818,3873,3878,3783,3765,3876,3836,3937,3859,3876,3953,3753,3976,3848,3907,3950,3954
216,4029,3862,3807,3923,3888,3952,3879,3822,3917,3851,3946,3919,3912,3847,3972,3981,3790,3847,3832,3817,3844,3868,4006,3910,3931,3901,3865,3910,3899,3865,3901,3855,3947,3931,3889,3926,3940,3926,4006,3927,3811,3878,3940,3849,3883,3987,3958,3971,3802,3862,4009,3955,3863,3869,3886,3831,3876,3922,4000,3905,3969,3873,3852,4011
217,3997,3980,3932,3982,3746,4094,3825,3846,3881,4032,3916,4014,3940,3987,3994,3826,3892,3871,3950,4002,3825,3851,3949,3967,4063,3918,3915,3775,3987,3901,3843,3835,3944,3911,3901,3985,3837,3893,3923,3995,3907,3942,3958,3846,3935,4002,3910,3873,3890,3970,3938,3932,3880,3896,3867,3883,3953,3906,3936,3899,3924,3871,3889,3956
218,3892,3840,3912,3899,3850,3836,3772,3713,3771,3837,4029,3904,3959,3962,3889,3864,3904,3905,3873,3889,3962,3822,3941,3906,3850,3881,3909,3888,3903,3781,3935,3874,3858,3920,3938,3915,3926,3833,3880,3956,3846,3988,3924,3908,3908,3945,3890,3914,3961,3796,3818,3808,3893,3895,3892,3932,3859,3867,3924,3887,3826,3939,3911,3977
219,3880,3882,3901,3923,3934,4065,3870,3872,3860,3805,3881,3949,3905,3875,3818,3863,3909,3889,3986,3987,3965,3914,3841,3945,3988,3851,3939,3881,3815,3961,3893,4056,3837,3883,3927,3876,3812,3911,4057,3999,3931,3914,3854,3913,3921,3907,3977,3895,3985,3995,3887,3830,3708,3920,3882,3881,3938,3913,3832,3832,3951,3876,3865,3848
220,3904,3883,3933,3850,3825,3808,3863,3775,3834,3892,3883,3842,3834,3919,3905,3806,4003,3924,3893,3902,3961,3912,3850,3851,3848,3805,3977,4003,3818,3824,3795,3945,4047,3878,3894,3820,3980,3910,3939,3853,3959,3940,3910,3793,3902,3969,3810,3893,3941,3862,3949,3923,3971,3961,3910,3921,4007,3803,3908,3870,3882,3873,3944,3889
221,3936,3895,4075,3900,3903,3896,3917,3902,3962,4045,3939,3991,3848,4001,3909,4015,3840,4077,3953,3970,3997,3954,3915,3917,3849,3880,3903,3976,3822,3824,3928,3997,3905,3840,3929,3760,3854,3900,4014,3861,3922,3846,4051,3893,3971,3874,4000,3918,3894,3725,3893,3814,3801,3882,3883,3881,3865,3852,3982,3941,3898,3950,3899,3890
222,3869,3944,3835,3881,3836,3912,3973,3839,3967,3863,3989,3928,3917,3900,3929,3866,3943,3902,3891,3873,3967,3811,3860,3893,4036,3995,3917,3894,3763,3938,4013,3979,3880,3936,3924,3908,3894,3881,3778,3868,4080,3896,3842,3915,3858,3801,3839,3809,3873,3932,3908,4008,3866,3976,3907,3905,3890,3869,3956,3961,3889,3966,3907,3909
223,3946,3800,3954,3986,3963,3906,3877,3885,3815,3933,3898,3886,3984,3928,3815,3945,3876,3937,3800,3868,4027,3815,4025,3829,3801,3920,3912,4016,3868,3851,3808,3917,3844,3978,3889,4013,3857,3835,3848,3951,3946,3861,3934,3972,3917,3974,3879,3811,3975,3916,4005,3934,3921,3926,3967,3859,3910,4042,3992,3916,3946,3919,3811,3867
224,4029,3814,3882,3871,3981,3972,3941,3910,3918,3809,3901,3941,3810,3876,3899,3928,3926,3818,3758,3969,3766,3959,3938,3886,3955,3949,3928,3881,3969,3926,3889,3876,3899,3914,4012,3960,3827,3934,3799,3836,3831,3855,3919,3849,3873,3850,3957,3874,3949,3895,3978,3917,3870,3897,3988,3850,3939,3965,3871,3884,4004,3917,3835,3896
225,3909,3906,3949,3892,3867,3918,3868,3892,3896,3921,3824,4016,3912,3920,3967,3916,3812,3961,3955,3974,3933,3874,3819,3934,3913,3842,3967,3900,3880,3937,3926,3957,3919,3818,3946,3791,3831,3870,3832,3908,3930,3889,3885,3878,3818,3989,3917,3990,3872,3895,3932,3936,3878,3984,3961,3914,3743,3944,3802,4053,3947,3853,3912,3860
226,3962,3875,3964,3865,4003,3857,3869,3787,3886,3973,3933,3914,3879,3906,3904,3889,3909,3976,3789,3930,3935,4014,3969,3941,3919,3861,3810,3949,3884,3910,3868,3922,3890,3796,3837,3911,3949,3974,3897,3946,3864,3910,3860,3927,3899,3941,3969,3909,3941,3867,3742,3976,3846,3838,4027,3918,3870,3930,3882,3877,3901,3920,3868,3824
227,3900,3835,3918,3917,3749,3943,3953,4001,3869,3914,3991,3830,3935,3897,4040,3842,3949,3987,3959,3913,3959,3899,4000,3904,3976,3930,3930,3926,4073,3917,3746,3899,3957,3944,3946,3959,4002,3864,3843,3847,3830,3774,3927,3787,3782,3877,3771,3930,3927,3953,3902,3856,3863,3916,3944,3904,3784,3900,3931,3948,4025,3834,3926,4008
228,3975,4012,3968,3873,3907,4064,3903,3978,3952,3814,3899,3905,3929,3869,3839,3917,3850,3903,3893,4075,3843,3801,3842,3985,3793,3882,3984,3870,3899,3933,3830,3911,4005,4016,3908,3872,3856,3885,3898,4014,3915,3906,3963,3928,4034,3859,3983,3879,3930,3909,3854,3892,3864,3848,3939,3876,3938,3904,3860,3916,3919,3915,3869,3881
229,3900,3891,3958,3888,3905,3988,3867,3932,3910,3805,3996,3891,3979,3956,3963,3823,3963,3905,3824,3936,3866,3920,3790,3979,3917,3901,3881,3919,4005,3948,3913,3963,3939,3952,3958,3900,3952,3994,3964,3879,3889,3902,3920,3815,3862,3942,4012,3950,3804,3922,3832,3804,3857,3825,3943,3852,4022,3787,3790,3847,3932,3942,3812,3973
230,3945,3991,3904,3909,3924,3904,3840,3889,3875,3960,3824,3948,3768,4003,3794,3895,3965,3886,3884,3920,3954,3921,3904,3973,3839,3772,3952,3915,4006,3950,3894,3952,3879,3903,3897,3933,3917,3903,3876,3916,3749,3997,3743,3854,3935,3909,3901,3919,3985,3989,3961,3923,3854,3810,3892,3828,3957,3822,3969,3849,3895,3846,3795,3944
231,3929,3925,3793,4056,3971,3901,3811,3878,3925,3942,3835,3913,3918,3981,3834,3935,3906,3916,3909,3937,3946,4017,3896,3972,3836,3919,4017,3943,3839,3879,3860,3942,3871,3820,3849,4010,3928,3827,3851,3935,3924,3838,3785,3893,3824,3880,3871,3769,3887,3837,3869,3970,3975,3890,3954,3852,3913,3870,3936,3871,3911,3953,3793,3940
232,3820,3857,4017,4005,3923,3918,3927,3868,3943,3901,3871,3834,3983,4003,3914,3905,3768,3910,3972,3940,3933,3777,3923,3901,3937,3885,3911,3850,3871,3885,3835,3966,3891,3879,3848,3858,3979,3883,3880,3837,3923,3791,3937,3946,3884,3999,3795,3869,3841,3952,3892,3879,3901,3915,3787,4026,3851,3862,4054,3848,3885,3812,3809,3906
233,3831,3927,3847,3944,4004,3806,3894,3968,3892,3828,3978,3817,3853,3970,3807,3938,3894,3900,3946,3966,3899,3943,3828,4055,3970,4021,3861,3836,3919,3988,3966,3938,3876,3952,3904,3928,3902,3880,3984,3823,3815,3998,3924,3922,3890,3945,3839,3879,3827,3996,3888,3831,3975,3896,3876,3874,3935,3799,3846,3900,3882,3847,4023,3878
234,3942,3835,3846,3938,3963,3948,3888,3865,3935,3972,3953,3794,3931,3906,3845,3958,3952,3961,3916,3992,4011,3871,3878,3955,3940,3952,3848,3876,3870,3785,3975,3895,3888,3854,3939,3923,3854,3892,3844,3931,3834,3916,3821,3924,3896,3813,3930,3812,3956,3780,3861,3938,3918,3910,3908,3915,3809,3944,3885,3784,3903,3940,3932,3805
235,3913,3953,3923,3950,3827,3833,3902,3917,3855,3913,3894,3951,3800,3900,3969,3886,3966,3876,3839,3915,3968,3894,3981,3872,3964,3857,4056,3890,4003,3835,3944,3955,3932,3948,3956,3787,3908,3862,3845,3897,3876,3857,3936,3867,3869,3792,3973,3970,3770,3893,4005,3834,3951,3879,3960,3983,3926,3969,3880,3903,3921,3918,3928,3881
236,3960,3957,3818,3930,3994,3802,3931,3907,3963,3919,3843,3859,3929,3967,3858,3901,3898,3868,3923,3907,3935,3882,3814,3831,3905,3826,3988,3899,3910,3807,3842,3879,3821,4019,3865,3983,3886,3881,3866,3951,3966,3871,3815,3868,3976,3888,3929,3951,3935,3901,3872,3845,4027,3899,3888,3923,3867,3969,3876,3793,3936,3856,3881,3901
237,3957,3834,3849,3823,3985,3872,3948,4040,3832,3830,3863,3898,3966,4017,3871,3920,3902,3968,3943,3960,3823,3836,4023,3968,4001,3833,3869,3883,3904,3850,3872,3918,3814,3889,3875,3885,3976,3762,3839,3981,3949,3865,3925,3866,3938,3837,3897,3986,3919,3703,3928,4022,3795,3895,3953,3931,3886,3937,3898,3958,3894,3957,3981,3822
238,3812,3922,3783,3868,3910,3989,3918,3939,3901,3960,3878,3977,3938,3935,3940,3806,3992,3790,4073,3891,3818,3920,3790,3931,3976,3912,3809,3706,3920,3824,3781,3932,3843,3949,3897,3917,3882,3997,3737,3945,3894,3935,3871,3901,3963,3865,3903,3927,3868,3941,3992,3926,3818,3753,3943,3871,4006,3905,3858,3881,4011,3946,3892,3944
239,3884,3975,3909,3878,3998,3815,3881,3868,3962,3859,3899,3919,3837,3903,3944,3992,3908,3836,3981,3856,3906,3877,3979,3908,3923,3885,3943,4050,3937,3779,3852,3870,3923,3966,3953,3823,3991,3973,3831,3974,3870,3944,3871,3931,3862,3935,3845,3844,3937,3802,3915,3829,3837,3953,3878,3789,3830,3847,3964,3890,3900,3778,4008,3905
240,3967,3987,3872,3902,3986,3909,3972,3936,3916,3894,3897,3892,4008,3792,3856,3907,3905,3938,3923,3793,3874,3982,4015,3878,3905,3897,3833,3863,3875,3729,3850,3914,3836,3722,3945,3885,3816,3825,3891,3817,3858,3918,4027,3982,3932,3875,3938,3814,3943,3944,3976,3917,4063,3901,4058,3859,3781,3943,3887,3980,3916,3906,3938,3935
241,4005,3926,3943,3931,3953,3909,3909,3879,3931,3860,3908,3995,3777,3892,3870,3850,3881,3928,3878,3922,3879,3818,3848,3865,3991,3988,3884,3819,3904,3944,3901,3917,3890,3846,3847,3912,3828,3895,3827,3826,3838,3839,3788,3795,3953,4074,3894,3876,3859,3895,3831,3912,3941,3892,3917,3827,3970,3822,3992,3906,3939,3900,3911,3687
242,3838,3862,3896,4015,3890,4059,3929,3931,4024,3872,3895,3808,3838,3931,3928,3841,3900,3867,3859,3948,3867,3905,3895,3965,3876,3882,3937,4025,3908,4007,3930,3929,3881,3880,3952,3986,3915,3931,3874,3993,3952,3863,3804,3869,3846,3806,3979,4150,3926,3877,3967,3830,3944,3918,3908,3927,3889,3905,3917,3964,3829,3938,3868,3972
243,3973,3897,3869,3877,3933,3855,3961,3995,3888,3891,3915,3842,3847,3916,3834,3856,3832,3954,3902,3970,3915,3972,3945,3918,3856,4071,3877,3972,3931,3921,3937,3779,3898,3980,4019,3891,3894,3912,3954,3906,3981,3851,3883,3830,3981,3833,4040,3953,4029,3879,3912,3892,3883,3886,3900,3844,3896,4009,3876,3974,3885,3852,3815,3926
244,3875,3965,3923,3841,3858,3946,3807,3919,3894,3904,4040,3905,3967,3769,3832,3969,4017,3884,3952,3909,3870,3926,3806,3953,3890,3895,3882,3843,3891,3990,3807,3966,3803,3801,3905,3919,3905,3890,3818,3895,3942,3965,3765,3945,3931,3782,4045,3949,3794,4014,3772,4006,3867,3918,3831,3924,3921,3801,3920,3878,3925,3908,3897,3860
245,3946,3956,3921,3858,3946,4005,3891,3956,4013,4017,3920,3913,3799,3932,3879,3938,3950,4072,3804,3914,3892,3831,3898,3913,3897,3876,3847,3943,3982,3906,3873,3916,3955,3897,3899,3786,3850,3937,3917,3864,3793,3966,3825,4032,3915,3945,3857,3824,3886,3965,3831,3966,3968,3871,3834,3908,4001,3981,3813,3930,4008,3864,3986,3907
246,3946,3850,3950,3873,3814,3857,3868,3865,3914,3926,3878,4044,4017,3866,3970,3879,3936,3861,3927,3908,3950,3973,3955,3910,3928,3954,3977,3751,3980,3909,3800,3996,3871,3944,3882,4059,3843,3877,3791,3901,3798,3951,3825,3942,3951,3860,4031,3832,3895,3861,3946,3845,3924,3859,3878,3928,3863,3912,3909,3883,3896,3808,3812,3822
247,3819,3929,3863,3880,3901,3882,3845,3913,3843,3893,3925,3877,3799,3878,3912,3887,3886,3821,3911,3858,3889,3891,3920,3902,3903,3860,3982,3938,3920,3894,3996,3997,3881,3953,3922,3914,3918,3869,3877,4006,3925,3960,4086,3825,3926,3798,3942,3869,3870,4015,3804,3950,3718,3847,3919,3764,3960,3872,3841,3900,4010,3907,3838,3868
248,3809,3832,3924,3908,3969,4010,3917,3829,4058,3869,3887,3895,3945,3924,3807,3906,3983,3860,3914,3972,3825,3833,3920,3863,3950,3955,3840,3968,3805,3893,3916,3902,3895,3959,3933,3857,3862,3961,3909,3915,3753,3922,3808,3884,3882,3797,3828,3809,3874,4038,3913,3933,3930,3838,3868,3977,3888,3897,3758,3816,3863,3954,4049,3964
249,3883,3788,3948,3923,3888,3866,3967,3924,3929,3967,3948,3966,3889,3953,3847,3865,3837,3891,3897,3930,3857,3890,3861,3914,3994,3833,3966,3942,3848,3946,3885,3723,3939,3934,3811,3872,3938,3907,4038,3781,3942,3873,3986,4014,4083,3945,3814,3943,3954,3878,3971,3932,3965,3895,3990,3989,3955,3981,3838,4018,3833,3933,3824,3879
250,3952,3940,3910,3744,3900,3943,3932,3985,3933,3932,3864,3891,4044,3833,3996,3947,3853,3850,3779,3957,4006,4009,3863,3993,3987,4030,3963,3896,3868,3885,3945,3974,3839,3852,3797,3844,3822,3910,3979,3856,3945,3964,3846,3978,3907,3902,4038,3919,3893,3851,3905,3911,3925,3971,3970,3823,3901,3870,4061,3895,3825,3921,4023,3778
251,3947,3862,3979,3823,3892,3905,3866,3994,3826,3893,3953,3890,3978,3938,3835,3915,4015,3908,3849,3879,3785,3895,3895,3840,3781,3869,3932,3816,3980,4013,3815,3942,3992,4002,3873,3925,3846,3928,3946,3962,3827,3857,3920,3838,4023,3954,3950,3883,3949,3972,3926,3994,3943,3905,3970,3903,3941,3849,3943,3866,3819,3825,3923,3963
252,3960,3903,3841,3860,3897,3940,3909,3952,3992,3835,3871,3960,3806,3908,3907,4005,3947,3893,3821,3972,3890,3819,3886,3810,3863,3883,3909,3953,3948,3931,3850,3950,3868,3904,4015,3918,3876,3862,4026,3863,3960,3966,3909,3987,3830,3854,3900,3826,3935,3989,3961,3952,3889,3976,3886,3946,4030,3971,4008,3808,4037,3830,3912,3837
253,3972,3886,3915,3960,3827,3892,3876,3889,3968,3823,3976,3904,3990,3871,3746,3939,3916,3911,3890,3852,3911,3901,3867,3855,3852,3899,3926,3918,3884,3831,3962,3820,3938,3936,4018,3897,3872,3860,3986,3904,3950,3856,3918,3939,3997,3920,3940,3891,3949,3933,3923,3852,3938,3869,3912,3809,3906,3960,3989,3874,3985,3946,3871,3817
254,3939,4050,3899,3769,3902,3907,3900,3888,4063,3894,3940,3850,3894,3846,3916,4001,3976,3916,3946,4007,3791,4069,3921,3932,4075,3900,3893,3877,3965,3980,4030,3883,3988,4006,3913,3959,3874,3845,3840,3904,3821,3885,3899,3881,3810,3899,3883,3851,3870,3994,3911,3863,3874,3854,3888,3962,3834,3830,3846,3926,4055,3970,3820,3974
255,3818,4013,3933,3905,3884,3829,3990,3909,3962,3874,3855,3947,4026,3936,3843,3990,3934,3953,3919,3899,3931,3867,3844,3963,3910,3750,4003,3803,3912,3967,3878,3977,4037,4015,3921,3886,3928,3952,3824,3978,3789,4047,3845,4046,3939,3907,3958,3906,3836,3808,3984,4001,3761,3991,3939,3946,3855,3822,3843,3944,3887,3963,3967,3854