"",1,2,3,4,5,6,7,8,9,10,11,12,13,14,15,16,17,18,19,20,21,22,23,24,25,26,27,28,29,30,31,32,33,34,35,36,37,38,39,40,41,42,43,44,45,46,47,48,49,50,51,52,53,54,55,56,57,58,59,60,61,62,63,64
0,3909,3941,3880,3946,3882,3933,3924,3991,3920,3987,4064,3874,3928,3920,4008,3890,3889,3925,3956,3932,3867,3903,3920,3820,3915,3806,3832,3911,3881,3833,3893,3933,3769,3868,3859,3872,3880,3796,3846,3950,3813,4028,3896,3813,3969,3928,3897,3912,3985,3960,3844,3916,3896,4019,3871,3909,3931,3947,3963,3832,3891,3923,3918,3892
1,3925,3918,3923,3901,3935,3947,3789,3839,3866,3889,3891,3885,3884,3856,3992,3887,3937,3914,3862,3891,3898,3933,3875,3938,3949,3889,3829,3827,3930,3822,3952,3968,3901,3905,3836,3958,3846,3904,3948,3924,3955,3933,3897,3926,3925,3825,3864,3845,4038,4012,3946,4082,3915,3955,3865,3786,3907,3838,3919,3864,3942,3903,3809,3993
2,3972,3846,3947,3891,3871,3833,3916,3921,3880,4013,4004,3891,3863,3865,3872,4034,3911,3985,3844,3826,3966,3937,3911,3920,3958,3965,4009,3895,3828,3820,3925,3862,3934,3906,3838,3946,3976,3868,3883,3905,3825,3882,3861,3933,3955,3872,4076,3907,3823,3956,3912,3906,3863,3976,3874,3959,3871,3935,3908,3939,3899,3765,4026,3865
3,3853,3774,3815,3793,3885,3899,3890,4028,3960,3944,3865,3850,3875,4004,3863,3844,3837,3957,3927,3900,3894,3835,3869,3967,3902,3762,3995,3966,3869,3947,3930,4064,3883,3930,3964,3871,3813,3921,3830,4012,3885,3911,3883,4033,3854,3910,3851,3902,3879,3750,3856,3863,3960,3942,3836,3965,3896,3908,4031,3848,3968,3942,3862,3954
4,3925,4020,3905,3908,3940,3879,3813,3857,3995,3954,3923,3897,3848,3911,3956,3952,3915,3932,3880,3961,3918,3929,3965,3796,3964,3931,3890,3894,3919,4003,3936,3976,3859,3848,3924,3894,3898,3821,3967,3919,3907,3837,3894,3819,3865,3951,3841,3969,3958,3943,3988,3921,4030,3830,4024,3926,3861,4017,3977,3927,3902,3885,3862,4026
5,3948,3897,3895,3925,3882,3825,3793,3885,3889,3876,3922,4011,3863,3855,3927,3936,4087,3754,3911,3853,3831,3871,3919,3885,3851,3823,3904,4001,4003,3923,3864,3929,3916,3907,4041,3881,3983,3862,3901,3957,3973,3918,3939,3818,3850,3875,3789,3803,4073,3884,4008,3902,3906,3816,3877,3915,3867,3856,3983,3933,3919,3938,3909,3912
6,3854,3932,3824,3902,3834,3922,3902,3973,3965,3897,3831,3879,3816,3938,3933,3963,3931,3912,3882,3926,3957,3924,3816,3947,3978,3801,3940,3936,3928,3889,3914,3911,3914,3867,4019,3972,3879,3938,3915,3861,3947,3927,3947,3935,3782,3881,3804,3934,3889,4038,3936,3878,3955,3935,3882,3945,3998,3895,3964,3937,3907,3945,3875,3874
7,3948,4027,3878,4019,3944,3949,3927,3959,3846,3908,3959,3977,3872,3988,3919,3913,3907,3896,3914,3896,3921,3860,3934,3979,3974,3936,3915,3925,3937,4006,3860,3935,3851,3891,3895,3885,3892,3925,3890,3864,3823,3975,3851,3928,3934,3881,3969,3914,3804,3985,3926,3878,3892,3812,3933,3829,3945,3931,3911,3850,3850,3907,3887,3864
8,3846,3817,3978,3869,3831,3735,3934,3967,3933,4047,3997,3824,4013,3949,3862,3806,3952,3876,3921,3820,3937,3831,3924,3976,3899,3972,3896,4059,4022,3847,3911,3835,3888,3888,3884,3877,3866,3869,3899,3971,3862,3857,3899,3867,3915,3912,3881,3871,3940,3887,3900,4021,3981,3952,4030,3894,3925,3979,3997,3960,3936,3895,3908,3955
9,3938,3906,3905,3791,3870,3798,4024,3930,3831,3964,3971,3813,3804,3924,3996,3904,3761,3909,3824,3863,3899,3866,3850,3857,3928,3925,3770,3914,3979,3843,3875,3954,3914,3850,3931,3880,3872,4039,3970,4011,3957,3925,3847,3831,3934,3993,3881,3872,3987,3941,3878,3921,3846,3868,3941,3981,3842,3908,3899,3928,3938,3918,3832,3808
10,3823,3784,3827,3945,3898,4002,3880,3961,3874,4016,4003,3910,3878,4001,3922,3922,3819,3907,3973,3843,3891,3927,3948,3921,4094,3889,3849,3959,3891,3903,3823,3879,3957,4041,3899,3945,3953,3939,3884,3858,4038,3897,3872,3819,3880,3941,4008,3951,3890,3886,3829,3829,3947,3948,3930,3926,4002,4043,3940,3932,3985,3935,3976,3894
11,3838,3942,3821,3851,3892,3849,3912,3866,3891,3947,3781,3878,3924,3936,3957,4044,3842,3909,3918,3873,3982,4063,3844,3892,3847,3969,3902,3860,3964,3962,3871,3910,3896,3860,3923,3958,3816,3970,3912,3928,3813,3949,3889,3857,4007,3919,3867,3899,3910,4009,3911,3859,3916,3903,3916,3948,3983,3963,3904,3935,3951,4002,3947,3814
12,4009,3866,3951,3853,3906,3908,3881,3867,3940,3955,3903,3940,3982,3943,3898,3857,3941,3979,3808,3863,3817,3981,3941,3913,3873,3921,3900,3960,3816,3951,3792,3965,3941,4011,3863,3921,3814,3816,3976,3923,3936,3917,3902,3833,3859,3966,3922,3916,3870,3998,3825,3849,3969,3896,3945,3796,3875,3900,3967,3956,3886,3949,3979,4033
13,4018,3879,3957,3839,3879,3941,4051,3777,3877,3961,3827,3832,3982,3903,4004,3864,3800,3929,3741,3932,3866,3839,3791,3965,3821,4012,3910,3766,3866,3901,3969,3933,3841,3895,3829,3907,3962,3828,3839,3889,3902,3861,3884,3992,3862,3901,3738,4014,3899,4004,3916,3963,3915,3779,3993,3926,3975,3952,3860,3887,3884,3872,3877,3884
14,3908,3872,3936,3868,3855,3963,3992,3962,3900,4083,3947,4026,3999,3832,3773,3950,3882,3808,3942,3878,3937,3950,3913,3886,3913,3913,3914,4024,3907,3861,3825,3779,3951,3908,3902,3850,3935,3868,3905,3845,3932,3764,3918,3827,3890,3816,3871,3862,3918,3996,3833,3982,4016,3761,3928,3750,3859,3895,3918,3944,3967,3930,3855,3902
15,3846,3977,3845,3947,3805,3934,3908,3920,3861,3840,3869,3813,4009,3807,3863,3815,3944,3941,3953,3797,3867,3887,3945,3845,3994,3899,3869,3949,3883,3921,3861,3940,3963,3995,3809,3801,3926,3943,3730,3873,3841,4007,3853,3919,3968,3918,4065,4026,3846,3967,3948,3941,3836,3970,3888,4009,3899,3850,3799,3829,3946,3917,3957,3963
16,3885,3901,3928,3935,3992,3899,3986,3956,3803,3758,3960,3992,3949,3914,3934,3875,3872,3956,3920,3888,4027,3876,3948,3906,3897,3925,3943,3929,3938,3974,3940,3977,3942,3940,3885,3873,3906,3863,3879,3886,3951,3912,3977,3957,3860,3888,3869,3806,3881,3847,3813,3918,3870,3896,3795,3954,3980,3833,3927,3871,3900,3989,4010,4024
17,3930,4021,4019,3949,3879,3853,4011,4024,3921,3907,3929,3958,3906,3850,3875,3884,4023,3996,3883,3881,3811,3926,4002,3921,3859,3904,3973,3898,3829,3756,3907,3966,3891,3992,3903,3864,3856,3938,3850,3807,3915,3847,3914,3941,3911,3784,3866,3768,3859,3962,3975,3896,3942,3867,3988,3857,3820,3907,3747,3908,3893,3969,3913,3901
18,3858,3892,3909,3904,3994,3826,3926,3974,3903,3909,3836,3989,3784,3925,3863,3805,3878,3935,3865,3888,3929,3974,3835,3888,3963,4019,3876,3795,3918,3927,3884,3873,3938,3975,3758,3974,3838,3982,3890,3943,3899,3877,3904,3919,3896,4022,3766,3902,3930,3981,3957,3982,3942,3853,3871,3904,4023,3952,3859,3974,3794,3867,3824,3892
19,3992,3983,3972,3930,3972,3819,3927,3818,3874,3774,3917,3899,3880,3825,3850,3921,3814,3886,3969,3860,3951,3844,3896,3900,3891,3925,3932,3716,3870,3950,3957,3872,3819,3803,3967,3873,3855,3956,3924,3985,3965,3889,3897,3893,3911,3901,3970,3980,4012,3943,3844,3900,3886,3998,3897,3869,3931,4000,3975,3875,3845,3813,3812,3924
20,3985,3892,3927,3767,3858,3960,3894,3953,3875,3942,3962,3971,3880,3743,3960,3915,3851,3860,3890,3833,3855,3818,3970,3903,3902,3812,3839,3844,3900,3888,3944,3803,3921,3854,3968,3934,3857,3914,3911,3940,3882,3977,3881,3885,3866,3934,3794,3929,3902,4000,3784,3884,3914,3790,3972,3879,3861,3929,3857,3821,3976,3937,4025,3935
21,3885,3902,3934,3941,3901,3897,4026,3809,3964,3895,3862,3910,3989,3905,3929,3801,3953,3858,3903,3896,3820,3802,3846,3868,3938,3916,3904,3916,3891,3882,3874,3936,3954,3890,3954,3949,3967,3956,3761,3805,3850,3880,3994,3937,3934,3864,3915,3929,3898,3959,4056,3938,3972,3786,3895,3886,3928,3855,3910,3777,3993,3970,3843,3898
22,3934,3917,3938,3995,3819,3866,3903,3879,3846,3886,3854,3880,3957,3880,3983,3871,3866,3866,3918,3874,3911,3850,3949,3888,3859,3824,3902,3869,3799,3990,3871,3944,3837,3994,3865,3914,3980,3964,3987,3892,3973,3905,3832,3870,3904,3920,3983,3898,3865,3867,3974,3881,3824,3944,3881,3913,3926,3919,3965,3873,3830,4008,3965,3863
23,3809,3866,3892,3877,4026,3877,3984,3976,3958,3806,4007,4053,3826,3934,3834,4029,3983,3790,3885,3906,3907,4037,3818,3963,3823,3912,3980,3946,3996,3960,3897,3979,3893,3964,4016,3829,3943,4002,4062,3847,3923,3966,3914,3879,4021,3899,3894,3918,3931,4008,3828,4034,3847,3937,3862,3930,3931,3887,3899,3877,3938,3856,3953,3877
24,3875,3952,3878,3797,3926,3927,3979,3848,3949,3836,3877,3859,4027,3934,4071,3915,3842,3872,3865,3943,3903,3845,3836,3762,3933,3864,3863,4008,3880,3988,3951,4047,3855,3808,3936,3966,3819,3948,3847,3914,3976,3798,3876,3955,4005,3952,3931,3993,3891,3842,3837,3874,3842,3920,3966,3886,3954,3879,3867,3973,3906,3907,3858,3861
25,4020,3928,3887,3824,3920,3847,4029,3851,3903,3871,4019,3997,3932,3975,3896,3889,3926,3966,3902,3943,4014,3838,3929,3892,3999,3960,3850,3897,3917,3881,3840,3955,4002,3974,3907,3875,3804,3929,3918,3898,3831,3880,3969,3903,3926,3828,3841,3877,3944,3868,3944,3869,3996,3838,3905,3851,3983,3910,3971,3836,3908,3959,3931,3924
26,3918,3870,3824,3891,3938,3872,3804,3945,3856,3840,4017,3979,3883,3915,3860,3877,3738,3847,3933,3870,3918,3958,3968,4010,3883,3847,3938,3883,3874,3962,3953,3903,3806,3957,3881,3894,3798,3906,3915,3858,3864,3888,3880,3903,3775,3891,3851,3911,3853,3951,3941,3978,3961,3907,3943,3896,3923,3924,3986,3883,3843,4005,3845,3943
27,3991,3861,3920,3948,4026,3951,3998,3860,3986,3888,3965,3965,3873,3956,3831,3965,3904,3842,4003,3896,3690,3894,3911,3848,3795,3931,3960,3835,3945,3879,3891,4012,3940,3816,3942,3991,4011,3966,3914,3982,3886,4029,3807,3880,3792,3865,3882,3807,3872,3841,3971,3957,3902,3962,3859,3918,3907,3940,3925,3891,4000,3924,3909,3914
28,3858,3849,3792,3931,3875,3787,3971,3914,3926,3985,3810,3827,3836,3843,3906,3805,3784,4007,3819,3898,3933,3756,3860,3844,3952,3886,3876,3908,3876,3887,3850,3898,3953,3910,3896,3931,3950,3822,3875,3943,3967,3923,3894,3844,3979,3916,3965,3920,3844,3933,3899,3909,3873,3840,3892,3883,3947,3923,3954,3867,3917,3840,3895,3805
29,3896,3943,3870,3968,3973,3871,3858,3942,3786,3914,3989,3904,4012,3924,3947,3892,3946,3909,4042,3917,3857,3896,3901,3928,3867,3856,3914,3798,3978,3984,3867,3992,3923,3983,3936,3950,3853,3906,3936,3904,3887,3975,3925,3846,3767,3974,3927,3885,3905,3980,3927,3870,3852,3873,3881,3878,3872,3902,3844,3980,3909,3909,3877,3974
30,3932,3890,3873,3743,3862,3884,3912,3932,3883,3854,3894,3874,3896,3818,3899,3984,3915,3866,3872,4001,3973,3887,3873,3939,3940,3931,3924,3836,3886,4003,3890,4001,3928,3881,3994,3954,3918,3871,3832,3865,3940,3966,3932,3854,3903,3899,3866,3945,3790,3917,3881,3830,3928,3996,3845,3944,3918,3926,3892,3909,3871,3842,3885,3867
31,3885,3921,3996,3865,3826,3951,3975,3942,3896,3791,3871,3899,3971,3925,3881,3917,3806,3920,3975,3890,3967,3967,3926,3886,3787,3885,3778,3923,3967,3882,3877,3907,3817,3862,3895,3821,3912,3967,3824,3940,3930,3923,3871,3978,3912,3998,4015,3867,3767,3899,3976,3884,3820,3865,4022,4079,3869,3881,3861,3968,3912,3934,3896,3904
32,3862,3981,3959,4062,4024,3877,3947,3981,3846,3865,3969,3936,3913,3974,3885,3918,3973,3861,3845,3876,3938,3967,3882,3927,3876,3831,3934,3992,3933,3930,3886,3935,3899,3896,3967,3809,3841,3815,3809,3931,3894,3861,3911,3889,3933,3834,3896,3876,3931,3886,3873,3923,3913,3903,3875,3914,4007,3859,3923,3908,3905,3995,3905,3835
33,3933,3887,3978,4037,3866,3884,3899,3888,3924,3863,4021,3946,3879,3784,3905,3964,3933,3934,3937,4042,3944,3933,3918,3847,3927,4017,3925,3925,3942,3862,3931,3883,3871,3886,3846,3876,3998,3933,3933,4070,3926,3932,3915,3788,3835,3929,4041,3903,3975,3901,3974,3974,3887,3929,3820,3861,3843,3865,3837,4004,3983,3903,3995,3879
34,3941,3881,3853,3972,3933,3911,3927,3856,3848,3911,3921,3846,3990,3896,3967,3949,3967,3848,3952,3863,3890,3899,3994,3792,3987,3916,3858,3963,3930,3867,3950,3899,3913,3854,3930,3939,4044,3893,3879,3944,3959,3898,3931,3947,3839,3861,3755,3968,3992,3926,3911,3834,3847,3772,3919,4047,3916,3861,3928,3952,3915,3948,3901,3997
35,3769,3876,3909,3958,3897,3911,3883,3931,3969,3913,3903,3949,3891,3939,3871,3837,3932,3940,3971,3872,3899,3931,3886,3977,3888,3862,3878,4042,3783,3840,3855,3915,3851,3974,3914,3927,3902,3953,3785,3971,3828,3988,3967,3931,3899,3933,3972,3836,3954,3860,3962,3926,3884,3884,3962,3993,3937,3928,3862,4006,3864,3999,3707,3935
36,3873,3888,4010,4009,3875,3848,3914,3872,3943,3903,3869,3963,3818,4039,3879,4072,3967,3855,3920,3762,3969,3877,3896,3898,3831,3868,3890,3950,3800,3856,3796,3967,3970,3819,3781,3912,3932,3787,3879,3960,3949,3910,3852,3909,4031,3853,3912,3983,3860,3854,3946,3844,3887,4024,3938,3999,3944,3831,3869,3980,3903,3940,3870,3947
37,3835,3981,3903,3858,3980,3922,3970,3910,3872,3842,3943,3867,3858,3898,3929,3892,3931,3885,3920,3990,3904,3823,3906,3893,3936,3945,3985,3979,3879,3979,3886,4051,3971,3921,3873,4051,3909,3903,3913,3965,3914,3816,4013,3864,3925,3881,3935,3927,3990,3909,3856,3900,3855,3851,3927,3907,3932,3851,3895,3834,3955,3881,3863,3858
38,3983,3907,3857,3931,3858,3967,3929,3831,3853,3854,3973,3853,3949,3979,3906,4055,3895,3818,4022,3933,3938,3824,4126,3914,3889,3809,3827,3969,3786,3878,3944,3963,3840,3891,3806,3813,3944,4003,3932,3886,3939,3959,3889,3799,3849,3855,4026,3976,3859,3874,4033,4013,3955,3927,3938,3933,3891,3933,3986,3848,3893,3892,3978,3866
39,4016,3860,3934,3866,3897,3866,3832,3809,3920,3924,3808,4014,3904,3951,3858,3963,3906,3853,3894,4060,3936,3895,3910,3885,3928,3916,3865,3926,3945,3952,3828,3891,3944,3818,3928,3808,3952,3880,3836,3830,3782,3949,3996,3920,3876,3876,3862,4030,3914,3913,3843,3973,3926,3938,3891,3853,3906,3913,3826,3866,3803,3878,3941,3876
40,3917,3872,3903,3971,3942,3860,3828,3928,3763,3878,4035,3996,3870,3787,3989,3985,4024,3950,3992,3988,3832,3799,3807,3893,3828,3926,3896,3960,3938,3835,3924,3865,3801,3896,3995,3782,3953,3871,3809,3879,3832,4042,3880,3890,3952,3853,4019,3976,3971,3912,3924,3877,3936,3943,3958,3890,3840,3912,3927,3902,3904,3947,4028,3878
41,3975,3900,3912,3806,3936,3846,3890,3974,3888,3878,3959,3867,3870,3882,3846,3931,3899,3897,3881,3874,3877,3937,3912,3810,3969,4007,3932,3912,3835,3926,3993,3903,3857,3933,3847,3853,3919,3923,4062,3897,3936,3837,3913,3977,3934,3903,3882,3976,3999,3979,3904,4010,3823,3871,3896,3884,3873,3837,3894,3956,4001,3930,4047,3914
42,3872,3957,3951,3843,3888,3996,3793,3963,3894,3872,3921,3967,3849,3942,3877,3873,3902,3929,3824,3948,3886,3926,3859,3814,3886,3900,3881,3880,3844,3935,3980,3974,3924,3840,3884,3896,3909,3849,4018,3951,3898,3991,3783,3848,3873,3911,3837,3965,3922,3908,3835,3957,3858,3888,4010,3984,3924,3949,3882,3937,3838,3917,3856,3892
43,3856,4029,3963,4001,3956,3936,3915,3926,3958,4000,4066,3909,3951,3889,3862,3918,3899,3981,4052,3931,3922,3830,3888,3895,3727,3838,3945,3914,3833,3889,3920,3936,3944,3849,3992,3803,3800,3872,3955,3912,3802,3817,3943,3885,4003,3898,3890,3860,3964,3880,3913,3936,3909,3912,3922,3880,3749,3973,3956,3821,3828,3893,3940,3962
44,3873,3851,3987,3976,3871,3824,3888,3800,3947,3835,3870,3810,3870,3923,3878,3888,3882,3876,3980,3912,3890,4021,3959,3928,3962,3835,3812,3913,4004,4011,3926,3823,3964,3890,3881,3922,3919,3898,4067,3843,3941,3862,3928,3957,3761,4037,3941,3820,3977,3818,3852,3951,3926,3929,3979,3803,3850,3798,3972,3916,3802,3861,3962,3850
45,3854,3819,3953,3820,3923,3959,3801,3860,3808,3886,3992,3916,3942,4015,3931,3939,3882,3947,3893,3946,3959,3930,3963,3894,3914,3906,3925,3898,3908,3849,3867,3833,3907,3875,3872,3903,3868,3858,3984,3842,3875,3868,3807,3885,3901,3938,3890,3826,3863,3862,3920,3964,3874,3839,3811,3806,3861,3860,3881,4083,4066,3968,3775,3954
46,4050,3882,3838,3787,3892,3873,3931,3874,3915,3861,3916,3710,3883,3841,3934,3864,3900,4008,3802,3895,3861,3860,3882,3931,3822,3904,3855,3869,3956,3995,3923,3906,3933,3850,3934,3900,3754,3967,3846,3890,3907,3859,3957,3838,3856,3881,3908,3942,3960,3886,3911,4011,3997,3842,3963,3887,4023,3876,4013,3954,3805,3854,3907,3961
47,4009,3918,3890,3857,3839,3897,3863,3964,3838,3960,3858,3793,3899,3912,3848,3971,3936,3844,3983,3912,4021,3912,3986,3830,3884,3889,3821,3811,4009,3724,3832,3912,3929,3904,3923,3887,3922,3898,3906,3830,3856,3984,3916,3995,3989,3970,4025,3966,3918,3877,3829,4018,3853,3929,3899,3782,3868,3951,3874,3817,3906,3901,3810,3936
48,3889,3967,3863,3936,3982,3967,3829,3910,3940,3864,3996,3986,3990,3877,3926,3897,3769,3877,3941,3901,3815,3936,3909,3938,3808,3914,3859,3876,3908,3999,3896,3870,3983,3930,3860,3965,3839,3943,3929,3969,3954,3883,3887,3970,3833,3834,3924,3806,3994,3826,3829,3855,3854,3897,3914,3923,3920,3952,3865,3935,3862,3817,3887,3863
49,3908,3886,3874,3874,4003,3914,3819,3878,3868,3813,3897,3974,3919,3886,3898,3937,3866,4024,3882,3839,3993,3926,3814,3785,3916,4000,3876,3905,3752,3887,3947,3807,3832,3918,3923,3941,3978,3935,3942,3881,3969,3850,3948,3942,3948,3832,4019,3857,3766,3836,3806,3866,3968,3979,3997,3977,3845,3930,3921,3932,3782,3842,3946,3979
50,3997,3968,3830,3884,3798,3912,3793,3903,3809,3811,3914,3923,3935,3975,3897,3933,4012,3851,3898,3873,3841,3890,3906,3884,3928,3886,3846,3941,3904,4044,3918,3848,3891,3785,3864,3825,3821,3862,3751,3906,3871,3902,3891,3924,3947,3877,3977,3941,3900,3740,3941,3821,3858,3929,3916,4054,3935,3879,3894,3831,3860,3899,3794,4010
51,3944,3923,3931,3920,3959,3957,3847,3926,4005,3841,3819,3880,3937,3915,3824,3935,3954,3870,3902,3915,3876,3918,3833,3982,3912,3980,3957,3964,3926,3873,3856,3894,3780,3881,3743,4005,4011,3970,3996,3896,3967,3747,3929,3907,3945,3938,3899,3846,3943,3986,3976,3867,3860,3828,3943,3942,3894,4073,3856,3912,3840,3862,3946,4026
52,3943,3868,3866,3805,3929,3870,3926,3954,3919,3944,3939,3884,3861,3963,3937,3789,3978,3929,3891,3896,3882,3926,3969,3909,3939,3918,3953,3803,3841,3939,3904,3871,3921,3839,3868,3783,3939,3918,3834,3932,3926,3917,4004,3942,3864,3951,3974,3981,3933,3922,3871,4000,3828,3868,3945,3804,3786,3805,3920,4048,3812,3883,3879,3948
53,3863,3937,3869,3979,4012,4025,3964,3954,3885,3872,3852,3854,4059,3934,3865,3867,3830,3876,3951,3984,3994,3818,3891,3880,3940,3871,3833,3974,3893,3937,3981,3841,3868,3885,4014,4003,3933,3930,3931,4005,3793,3863,4005,3807,3952,3870,3959,3823,3817,3861,3982,3854,3748,3860,3853,3986,3992,3950,3902,3818,3763,3804,3987,3884
54,3924,3943,3903,3929,3912,3959,3931,3873,3946,3861,3763,3921,3897,3841,3866,3825,3994,3903,3975,3825,3948,3876,4001,3952,3928,3863,3988,3986,3929,3890,3804,3949,3926,3911,3884,3874,3885,3834,3751,3864,3954,3960,3848,3827,3924,3841,3845,3961,3811,3966,3932,3825,3873,3853,3874,3899,3915,3896,3920,3951,3830,3892,3879,3825
55,3904,3881,3997,3785,3896,3939,3853,3995,3945,3918,3960,3995,3829,4035,3895,3876,3854,3936,3941,3837,3817,3850,3878,3877,3904,3872,3954,3961,3902,4013,3959,3869,3917,3940,3848,3929,3873,3985,3940,4025,3936,3835,3955,4016,3916,3978,3920,3937,3880,3887,3861,4003,3927,3919,3904,3824,3890,3826,3924,3878,3928,3836,3916,3896
56,3885,3909,3896,3931,3869,3846,4018,3876,3963,3914,3946,3940,3904,3914,3906,3834,3928,4019,3883,3903,3811,3996,3895,3919,3884,3828,3887,3930,3905,3921,3896,3877,3899,3828,3939,3927,3994,4069,3935,3911,3858,3822,3880,3794,3814,3957,3767,3919,3861,3904,3925,3870,3932,3845,3899,3843,3850,3894,4003,3864,3941,3790,3911,3872
57,3975,3905,4009,3908,3879,3882,3840,3830,3990,3930,3970,3959,3815,3949,4019,3882,3874,4007,3887,3892,3872,3941,3851,3967,3871,4059,3940,3868,3946,3911,3752,3950,3998,3842,3895,4032,3909,3925,3797,3937,3992,3964,3907,3963,3911,3944,3929,3883,3892,3876,3925,3883,3980,3911,3826,3961,3834,3821,4015,3847,3933,3888,3993,3945
58,3906,3901,3896,3866,3923,3930,3946,3929,4016,3815,3935,3914,4047,3935,3973,3767,3751,4086,3831,3763,3954,3936,3781,3893,3883,3959,3884,3831,3887,3975,4035,3948,3858,3899,3852,3963,3880,3973,3854,3930,3942,4002,3937,3935,3894,3880,3978,3829,3935,3922,3966,3911,3820,3983,3930,3936,3935,3981,3918,3780,3910,3977,4019,3875
59,3943,3872,3857,3914,3836,3939,3887,3980,3821,3964,3970,4034,3852,3906,3897,3890,3884,4024,3873,3842,3923,3923,3973,3831,3778,3955,3888,3903,3983,3956,3902,3898,3932,3847,4020,3817,3813,3911,3886,3934,3965,3820,3988,3771,3994,3820,3856,3871,3966,3940,3978,3991,3913,3673,3993,3810,3944,3908,3749,3803,3925,3985,3930,3789
60,4029,3917,3928,3934,3832,3805,3906,3872,3906,4014,3909,3960,3839,3863,3861,3984,3876,3886,3745,3972,3829,3962,3942,3930,3947,3842,3978,3913,3929,3956,3950,3813,3938,3912,3883,3900,3926,3912,3946,3929,3944,3876,3906,3883,3882,3816,3867,3941,3968,3909,3964,3797,3888,3892,3900,3916,3846,3896,3936,3948,3904,3865,3859,3911
61,3912,3839,3830,4098,3980,3920,3857,3887,3913,3920,3960,3926,3873,3965,3824,3960,3980,4001,3864,4030,3956,4024,3877,3950,3897,3970,3902,3853,3863,4060,3891,3860,3945,3828,3816,3915,3990,3882,3864,3924,4060,3935,3935,3892,3960,3799,3915,3923,3832,3994,3867,4019,4043,3910,3957,3890,3871,3988,3794,3902,3965,3848,3931,3712
62,3915,4002,4014,3854,3863,3979,3980,3838,3836,3878,3857,3956,3938,3890,4009,3909,3796,3885,3987,3956,3904,3892,3886,3845,3839,3870,3865,3938,3835,3795,3884,3766,3907,3993,3783,3858,3790,3884,3874,3917,3911,3923,3945,3733,3840,3839,3911,3940,3826,3884,3873,3859,3805,4010,3958,3992,3884,3899,3845,3855,3926,3983,3968,3933
63,3949,3936,3916,3852,3832,3866,3887,3914,4058,3790,3943,3882,3937,4005,3879,4038,3939,3965,3933,3867,3959,3917,3886,3841,3926,3925,3860,3880,3713,3917,3954,4078,3960,4006,3937,3934,3960,3822,3991,3746,3895,3858,3872,3976,3951,3881,3969,3832,3971,3944,3918,3974,3914,3812,4026,3911,3961,3845,3962,3874,3934,3956,3924,3985
64,3865,3861,3967,3883,4026,3939,3839,3892,3852,3868,3863,3917,3911,3901,3901,3907,3961,3887,3952,3855,3867,3859,3970,3890,3938,3982,3932,3889,3806,3881,3927,3863,3947,3877,3843,3837,4009,3889,3870,3897,3824,3918,3967,3912,3931,3862,3925,3868,3958,3878,3952,3870,3870,3880,3876,3848,3834,3945,3936,3898,3880,3939,3799,3986
65,3859,3904,3882,3864,3870,3884,3803,3869,3893,3909,3827,3900,3967,3959,3930,3957,4089,3939,3906,3985,3956,3886,3897,3979,3906,3856,3865,4009,3798,3840,3899,4019,3850,3837,3842,3924,3972,3901,3875,3834,3829,3886,3879,3844,3823,3969,3922,3839,3944,3951,3962,3912,3811,3818,3918,3959,3818,3943,3925,3876,3980,3878,3979,3984
66,3821,3870,3946,3849,3819,3893,3982,3903,3935,3829,3865,3947,3880,3809,3900,3862,3796,3897,3982,3839,3869,3849,3957,3855,3914,3937,3902,3882,3870,3917,3841,3950,3877,3993,3858,3904,3805,3838,3878,3861,3887,3785,4001,3964,3918,3943,3840,3955,3912,3925,3818,3849,3883,3870,4010,4007,4016,3870,3923,3892,3852,3919,3881,3819
67,4059,3935,4028,3863,3833,3896,3930,3939,3888,3944,3973,3984,3940,3795,3915,3998,3822,4009,3868,3940,3925,3903,3814,3943,3853,3921,3851,3900,3931,3948,3902,3857,3955,3871,3910,3886,3903,3967,3846,3935,3899,3862,3880,3964,3994,3959,3800,3841,3922,3887,3967,3960,3784,3875,3938,3924,3929,3977,3920,3911,3862,3869,3816,3870
68,3910,3961,3950,3890,3893,3961,3935,3849,3979,3869,3848,3855,3922,3933,3918,4057,3928,3907,3923,3866,3970,3867,4090,3966,3882,3877,3991,3860,3879,3817,3869,3839,3964,3937,3907,3909,3835,3956,3962,3684,3996,4005,3968,3884,3859,3911,3843,4010,3965,3866,3866,3821,3982,3889,3809,3876,3850,3990,3968,3949,3897,3885,3831,3799
69,3829,3852,3945,3920,3825,3849,3877,3916,3895,3880,3892,3852,3968,3878,3897,3933,3825,3967,3787,3958,3891,3841,3948,3923,3833,3922,4019,3926,3871,3813,3771,3833,3800,3948,3786,3862,3877,3860,3924,3904,3931,3923,3858,3922,3897,3869,3856,3790,3908,3904,3924,3932,3883,3937,3883,3996,3905,3912,3903,3902,3900,3960,3799,3964
70,3888,3817,4027,3779,3837,4003,3967,3924,3918,3868,3925,3771,3881,3987,3812,3939,3919,4013,3945,3936,3950,3870,3871,4000,3904,3913,3955,3859,3928,3880,3978,4004,3978,4023,3972,3964,3916,4039,3925,3942,3883,4045,3971,3953,3879,3898,3949,3932,3839,3920,4029,3801,3919,3789,3967,3894,3830,3986,3893,3826,3963,3914,3953,3885
71,3894,3885,3852,3867,3930,3798,3950,3831,3885,3908,3932,4001,3854,3779,3947,3811,3879,3949,3907,3861,3892,3830,3992,3976,3951,3802,3855,3944,3957,3949,3816,3843,3923,3883,3827,3952,4013,3816,3938,3960,3901,3834,3921,3860,3990,3989,3971,3843,3873,3980,3952,3794,3905,3905,3880,3945,4032,3979,3998,3904,3883,3908,4005,3968
72,3928,3856,3965,3888,3895,3933,4015,3990,3929,3956,3866,3926,3859,3839,3907,3851,4030,3925,3880,4050,4009,3962,3878,3842,3961,3802,3863,3942,4075,3934,4009,3856,3843,3927,3909,3947,3854,3950,3851,3901,3976,3883,3812,3951,3903,3905,3875,3846,3861,3961,3952,3871,3972,3914,3817,3831,4029,3861,3876,3906,3878,3875,3890,3798
73,3942,3796,3945,3847,3878,3909,3915,3886,3916,3950,3920,4005,3957,3956,3789,3879,3942,3925,3914,3985,3888,3898,4027,3910,3897,3889,3807,3861,3783,3883,3920,3814,3941,3865,3871,3888,3960,3825,3917,3997,4011,4012,3918,3846,3986,3875,3911,3897,3824,3835,3901,3911,3949,3974,3802,3947,3854,3955,3933,3847,3856,3919,3917,3985
74,3983,3922,3876,3926,3791,3925,3868,3933,3881,3999,3852,3922,4015,3991,3846,3879,3873,3948,3956,3934,3939,3881,3811,3906,3893,3829,3888,3884,3937,3993,3800,3989,3907,3918,3966,3979,3702,3803,3910,3948,3804,3934,3958,3908,3908,3835,3817,3871,4026,3900,3998,3871,4027,3991,3932,3854,3975,4038,3963,3992,3914,3898,3980,3874
75,3969,4022,3858,3901,3926,3834,3884,3994,3831,3838,3875,3908,3790,4011,3844,3834,3871,3934,3840,3957,3911,3893,3803,3882,3876,3996,3902,3988,3796,3865,4005,3736,3929,3922,3971,3740,3950,3858,3944,4010,3956,3999,3904,3934,3953,3865,3946,3783,3995,3872,4018,3912,3884,3902,3833,3918,3917,3845,3927,3824,3946,3897,3947,3937
76,3915,3968,3884,3820,3912,3899,3832,3863,3867,3854,3890,3868,3950,3815,3927,3962,3891,3908,4003,3956,3866,3958,3937,3962,3863,3841,3893,3962,3900,3913,3980,3865,4038,3882,3917,3891,3885,3997,3878,3848,3848,3861,3948,3856,3906,3911,3824,4024,3891,3866,4002,3962,3794,3895,3740,3917,3946,4020,3997,3829,3975,3945,3823,3918
77,3927,3964,3992,3783,3869,3955,4008,3827,3958,3865,3858,3881,3856,3906,3911,3990,3869,3824,3850,3788,3905,3796,3887,3959,3848,3934,3876,3889,3877,3879,3835,3860,3955,3783,3980,3882,3960,3906,3823,3975,3984,3936,3845,3933,3883,3886,3898,3895,3937,3939,3832,3969,3926,3841,3787,3819,3802,3863,3944,3906,3990,3929,3937,3938
78,3897,3927,3893,3793,3992,3903,3958,3856,3819,3883,3934,3892,3906,3947,3891,3933,3954,3758,3809,3876,3893,3905,3920,3955,3906,3923,3932,3963,3907,3880,3855,3973,4025,3858,4007,3924,4116,3867,3862,3888,3901,3958,3992,3833,3941,4047,3996,3873,3768,3953,3901,3872,3807,3889,3851,3994,3891,3897,3816,3968,3854,3892,3816,4003
79,3835,4003,3829,3998,3902,3875,3763,3959,3919,3888,3856,4051,3938,3920,3857,3819,3982,3944,3908,3873,3870,3918,3834,3930,3864,3720,3918,3929,3875,3994,3908,3884,3881,3891,3956,3907,3854,3824,3948,3963,3939,3904,3951,3973,3869,3892,3916,3818,4067,4013,3917,3925,3860,3994,3915,3969,3955,3880,3940,3997,4017,3925,3911,3861
80,3877,3849,3911,3925,3875,3881,3867,3906,3921,3944,3961,3880,3860,3820,3918,3912,3928,3850,3918,3927,3834,3830,3954,3878,3888,3933,3808,3825,3935,3908,3832,3855,3818,3880,4035,3909,3918,3897,3843,3940,3943,3889,3834,3995,3927,3892,3858,4014,3990,3973,3885,3896,3840,3882,3829,3878,3819,3966,3912,3982,3848,3859,3912,3940
81,3936,3941,3940,3821,3945,3900,3820,3819,3911,3844,3793,3881,3961,3836,3822,3800,3950,3863,3924,3970,3757,3997,3925,3872,4003,3797,3953,3984,3825,3940,3970,3861,4011,3895,3900,3887,3945,3838,3949,3852,4044,3991,3882,3959,3898,3944,3903,3916,3865,3884,3871,3987,3892,3960,3906,3935,3954,3882,3917,3984,3858,3897,3914,3825
82,3820,3776,3851,3957,3930,3908,3864,3924,4017,3948,3879,3839,3923,3828,3932,3962,3962,3848,3868,3871,3974,3957,3960,3929,3863,3971,3888,3983,3811,3941,3927,3885,3872,3866,3899,3890,3929,3904,3948,3945,3903,3891,3912,3912,3962,3972,3847,3962,3910,3919,3910,3781,3949,3761,4029,4075,3927,4059,3808,3923,3947,3868,3873,3856
83,3894,3938,3858,3821,3924,3979,3986,4020,3812,3818,3810,3875,3965,3903,3934,3941,3869,3932,3952,3845,3967,3914,3844,3863,3880,3897,3852,3969,3790,3784,3964,4007,3826,3906,3831,3945,3851,3916,4060,3927,3808,3869,3929,3737,3969,3855,3883,3804,3925,3956,3946,3980,3913,3887,3982,3826,3952,3975,3832,3815,4000,3841,4038,3836
84,3806,3960,3891,3933,3931,3982,3830,3879,3829,3906,3911,3760,3998,3931,3874,3937,3815,3838,3878,3951,3774,3997,3928,3880,3893,3902,3886,3946,3838,3834,3923,3929,3773,3912,3898,4022,3939,3927,3837,3939,4011,3836,3883,3982,4024,3859,3932,3989,4016,3832,3801,3956,3977,3919,3857,3932,3867,3949,3922,3950,3850,3942,3919,3825
85,3897,4059,3823,3907,3793,3936,3882,3876,3863,4020,3970,4041,3880,3909,3887,3923,3910,3834,3927,3987,3873,3973,3910,3908,3918,3946,3865,3844,3813,3866,3866,3955,3925,4026,3923,3835,3886,3931,3797,4001,3848,3960,3893,3988,3972,3869,3940,3888,3870,3758,3896,3909,3881,3892,3995,3860,3895,3898,3871,3956,3851,3946,3947,3933
86,3975,3869,3886,3840,3967,3898,3966,3824,4070,3915,3873,3785,3860,3956,3852,3780,3872,3924,3948,3872,3978,3914,4043,3977,3966,3818,3946,3984,3915,3943,4005,4006,3920,3955,3872,3897,3889,3924,3922,3842,3914,3826,3823,3908,3932,3986,3852,3999,3961,3854,3936,3937,3870,3879,3893,3883,3926,3922,3685,3844,3890,3873,3854,4001
87,3838,3886,3877,3965,3866,3923,3903,3775,3957,3923,3890,3872,3835,3900,3980,3870,3918,4008,3897,3955,3953,3939,3969,3926,3882,3971,4102,3952,4008,3933,3893,3887,3956,3980,3962,3901,3954,3930,3955,4013,3883,3784,3834,3953,3984,3892,3865,3821,3926,3970,3884,3902,3977,3960,3866,3908,3859,3963,3837,4004,3791,3807,3930,3989
88,3869,3941,3865,3894,3901,3871,3868,3917,3937,3912,3909,3870,4038,4035,3793,3847,3790,3941,4043,3975,3854,3989,3934,4040,3863,3838,3902,3864,3957,3951,3858,3878,3910,3932,3966,4025,3963,3837,3776,3933,3926,3914,3898,3840,3979,3885,3924,3910,3873,3864,3924,4021,3940,3882,4033,3924,3786,3930,3798,3924,3797,3858,3950,4049
89,3841,3747,3897,3999,3928,3918,3849,3918,3817,3949,3875,3902,4110,3820,3998,3956,3883,3908,3917,3838,3935,3864,3905,3843,3934,3927,3917,3893,3892,3992,3938,3966,3924,4001,3925,3887,4063,3943,3983,3875,3865,4034,3863,3905,3895,3955,3943,3881,4021,3881,3860,3914,3941,3922,3919,3876,3963,3945,3861,3885,3864,3875,3903,3975
90,3890,3912,3878,3854,3995,3927,3874,3884,4008,3905,3861,3784,3873,3861,3982,3957,3944,3906,3877,3833,3872,3785,3809,3938,3891,3872,3881,4010,3891,3912,3933,3834,3870,3916,3829,3836,3896,3756,3863,3892,3813,3914,3865,3929,3919,3803,3876,3936,3890,3931,3950,3971,3840,3967,3927,3903,3878,3797,3903,3833,3841,3914,3906,3926
91,3915,3898,3813,3854,3797,3882,3949,3918,3912,3959,3886,3849,3930,4027,4001,3907,3933,4000,3917,4025,3908,3903,3902,3832,3935,3869,3847,3874,3901,3785,3943,3937,3886,3812,3991,3872,3758,3873,3920,3938,3825,3839,3856,3989,3988,4005,4035,3903,3865,3834,3933,3809,3955,3894,3864,3921,3907,3828,3914,4000,3775,3945,3928,3876
92,3885,3913,3929,3942,3808,3863,3919,3888,3999,3899,3920,3978,3962,3899,3932,3920,3938,3839,3747,3888,3870,3820,3962,3842,3857,3853,3918,3875,3849,3879,4022,3928,3894,3946,3902,3830,3885,3845,3993,3836,3836,3950,4010,3941,3836,3873,3912,3992,3954,4022,3816,3860,4034,3980,3823,3927,3856,3918,4019,3923,3910,3875,3872,3944
93,3909,3978,3803,3906,3835,3892,4006,3843,3932,3982,3905,4008,3899,3942,3942,3922,3888,3898,3934,4056,3955,3827,3890,3887,3894,3888,3932,3959,3835,3858,3939,3962,3813,3843,3860,3955,4000,3875,3960,3952,3883,3790,3877,3990,3914,3916,3903,3846,3905,3916,3939,3860,3900,3895,3933,3871,3835,3942,3827,3893,4018,3890,3897,3951
94,3884,3994,3890,3923,3927,3954,3893,3882,3931,3944,3990,3935,3968,3990,3952,3875,3862,3816,3974,3921,3847,4056,3914,3862,3952,3886,3819,3953,3918,3936,3946,3850,3978,3800,3837,3829,3893,3956,3928,3833,3847,4025,3921,3932,3813,3846,3920,3978,4009,3882,3895,3816,3816,3858,3905,3906,3930,3906,3983,3876,3910,3867,3805,3875
95,3851,4000,3921,3835,3832,3838,3907,3953,3898,3973,3812,3823,3942,3878,3906,3965,3831,3844,4022,3898,3890,3869,3890,4023,3900,3942,3924,3883,3989,3948,3987,3761,3973,3934,3939,3920,3929,3864,3923,3863,3883,3889,3910,3871,3929,3931,3915,3981,3979,3804,3921,4003,3839,3873,3847,3909,3949,3993,3983,3799,3915,3904,3968,3974
96,3895,3971,3866,3929,3879,3845,3894,3918,3931,3971,3882,3917,3933,3921,3966,3901,3822,3881,3931,3931,3923,3888,3931,3963,3930,3950,3891,3948,3855,3979,3933,3936,3827,4012,3932,4014,4045,3873,3838,3900,3795,3925,3955,3912,3893,3708,3932,4030,4010,3942,3876,3888,3864,3898,3806,3915,3838,4016,3903,3876,4025,3886,3901,3816
97,3909,3931,3947,3806,3863,3905,3981,3922,3825,3988,3867,3932,3876,3958,3953,3881,3904,3947,3829,3858,3996,3918,4050,3911,3991,4057,3947,3897,3801,3997,3869,3854,3843,4093,3937,3853,3906,3992,3928,3963,3926,3948,3875,3965,3927,3903,3842,3862,3822,3804,3882,3994,3953,3871,3910,3902,3814,3918,3911,3891,3784,4001,3859,3845
98,3929,3816,3849,3889,3883,3956,3999,3827,3941,3913,3935,3929,3896,4000,3981,3769,3912,3880,3893,3953,3890,3863,3957,3848,3957,3842,3910,3936,3987,4090,3784,3877,3976,4040,3903,3866,3928,3941,3951,3960,3965,4050,4035,3877,3960,3929,3893,3886,3882,3923,3844,3839,3964,3926,4016,3911,3934,3805,4014,3911,4028,4000,3903,3808
99,3862,3927,3877,3874,3840,3969,3883,3813,3961,3848,3962,3879,3881,3955,3834,4066,3930,3956,3948,3975,3942,3783,3951,3851,3809,3851,3973,3916,3907,3901,4001,3749,3956,3900,3866,3921,3863,3937,3954,3872,3921,3873,3848,4039,3909,3901,3861,3870,3960,3862,3949,3830,3994,3981,3782,3867,3828,3884,4052,3790,3930,3816,3981,3858
100,3933,3901,3955,3935,3855,3926,3880,3876,3843,3855,3808,3932,3864,3916,3998,3948,4048,3912,3924,3858,3956,3935,3958,3961,3912,3850,3933,3935,3852,3892,3913,3940,3858,3901,3837,3887,3878,3869,3929,3974,4058,3855,3982,4020,3914,3899,3920,4032,3992,3911,3877,3930,3845,4021,3913,3920,3810,3905,4001,3840,3918,3914,3943,3897
101,3959,3942,3939,3836,3829,3913,3948,3894,3909,3910,3913,3940,3880,3839,3896,3842,3937,3864,4064,3854,3912,3875,4007,3940,3934,3880,3912,3937,3962,3898,3955,3997,3863,3861,3891,3969,3954,3866,3963,3906,4027,3938,3981,3859,4009,3947,3866,3934,3949,3937,3932,3907,3947,3859,3871,3954,3870,3881,3944,4009,3907,3952,3958,3803
102,3912,3829,3849,3834,3929,3911,3948,3957,3876,3852,3937,3947,3767,3959,3907,3878,3848,3941,3852,3891,3862,3956,3941,3948,3993,3930,3981,3966,3839,3819,3820,3937,3961,3975,3918,3918,4000,3927,3935,3874,3920,3959,3973,3935,3933,3945,3909,3910,3822,3702,3882,3999,3912,3958,3870,4000,3964,3926,3877,3790,3827,3831,3899,3944
103,3921,3959,3980,3961,3914,3972,3977,3898,3869,3964,3885,3963,3850,3851,3815,3981,3864,3839,3959,3985,3842,3928,3892,3876,3997,3967,3788,3905,3991,3888,3874,3992,3904,3800,3952,4010,3910,3834,3900,3891,3981,3875,3937,3920,3939,3898,3920,3972,3768,3954,3803,3904,3870,3878,3895,3926,3888,3892,4013,3844,3783,4038,3918,3797
104,3851,3969,3824,3872,3823,3844,3937,3817,3916,3934,3910,3912,3826,3878,3920,3872,3969,4043,3826,3884,3899,3964,4011,3916,3942,3931,3915,4013,3833,3948,3927,3814,3896,3910,3794,3878,3972,3904,3864,4047,3867,3912,3879,3882,3853,4041,3850,3956,3913,4022,3758,3853,3941,3918,3883,3871,3802,3894,3904,3883,3993,3774,3926,3871
105,3904,3992,3901,3955,3838,3922,3949,3892,3969,3941,3919,3850,3877,3939,3929,3930,3899,3864,3900,3827,3969,3954,3931,3934,3876,3880,3857,3844,3958,3924,3717,3954,3883,3929,3946,3871,3841,3860,4031,3929,3848,3888,3982,3918,3859,3867,3952,3862,3950,3926,3876,3927,3883,3897,3870,3873,3951,3973,3821,3754,3773,3971,3802,4015
106,3839,3885,3931,3867,3878,3880,3913,3912,3934,3920,3858,3887,3981,3954,3886,3917,3985,3909,3942,3883,3937,3929,3876,3919,3808,3925,3945,3792,3872,3779,3970,3811,3821,3911,4067,3883,3874,3877,3907,3909,3980,3938,3877,3909,3890,3835,3875,3868,3849,3918,3991,3884,4022,3893,3933,3910,3892,3859,3941,3984,3977,3810,3818,3903
107,3978,3867,3891,3717,4016,3918,3807,3865,3825,4046,3890,3979,3911,3865,3836,3827,3894,3910,3903,3991,3874,3891,3928,3919,3841,3859,4031,3815,3983,3774,3892,3959,3925,3949,3898,3995,3913,3948,3953,3945,3862,3972,3900,3859,3852,3914,3988,3990,3908,3907,3841,3926,3850,3931,3937,3945,3940,3797,3815,4017,3924,3904,3923,3969
108,3932,3895,3958,3844,3904,3876,3924,3832,3895,3940,3845,3910,3859,3891,3919,3923,3955,3942,3887,3948,3800,3888,3866,4004,4125,3846,3970,3951,3906,3873,3846,3866,3892,3850,3873,3881,3811,3856,3848,4004,3850,3874,3982,3993,3762,3821,3961,3945,3911,3838,3921,3904,3964,3981,3843,3923,3917,3884,3915,3932,3882,3979,3974,3840
109,3941,3969,3889,3872,3879,3771,4113,3970,4026,3885,4022,4041,3956,3847,3911,3896,3859,3849,3894,3922,3938,3915,4009,3939,3854,3912,3999,3808,3923,3894,3872,3981,3857,3956,3838,3911,3899,3939,3892,3878,3951,4004,4029,3933,3963,3965,3873,3799,3842,3937,3898,3894,3951,3886,3987,3915,3841,3789,3824,3912,3840,3942,4014,3814
110,3898,3977,3893,3951,3850,3903,3872,3906,3825,3936,3897,3861,3930,3833,3868,3921,3953,4023,3903,3821,3902,3864,3916,3938,3976,4009,3929,4009,3832,3902,3828,3927,3926,3917,3918,3984,3807,3982,3905,3863,4025,3859,3764,3900,3902,3833,3991,3881,3854,3982,3921,3887,3815,3951,3891,4019,3918,3983,3938,3892,3907,3982,3801,3814
111,3787,3962,3888,3948,3835,3878,3820,3912,3911,3850,3854,3938,3871,3946,3842,3864,3848,3927,4018,3870,3914,3925,3911,3952,3938,3916,3882,3924,3877,3944,3908,3771,3987,3921,3876,3923,3915,3876,3928,3865,4015,3946,4020,3966,3943,3904,3880,3904,3869,3910,4031,4018,3888,3935,3944,3937,3870,3897,3845,3904,3987,3963,3956,3904
112,3851,3893,3988,3958,3948,3943,3849,3855,3846,3834,3940,3972,3925,3907,3809,3770,3910,3901,3924,3895,3917,3878,3957,3846,3963,3907,3968,3786,3892,3819,3846,3924,3812,3948,3842,3894,3819,4033,3976,3766,3982,4008,4025,3935,4000,3941,3779,3962,3936,3857,3951,3897,3897,3869,4034,3828,4024,3999,3966,4086,3819,3872,3939,3990
113,3826,3953,3999,3846,3861,3983,3807,3874,3888,3792,3847,3910,3923,3901,3895,3859,3896,3851,3839,3947,3757,4003,3936,3886,3938,3850,3931,3931,3941,3816,3933,3862,3811,3918,3785,3877,4010,3873,3870,3915,3866,3949,4030,3938,3860,3814,3964,3901,3923,3982,3898,3836,3979,3878,3924,3903,3850,3995,3859,4015,3929,3863,3910,3817
114,3922,3949,3962,3932,3854,3906,3896,3908,3992,3905,3943,3750,3843,3823,3954,3908,3907,3831,3887,3875,3975,4036,4015,3973,3883,3885,3996,3808,3914,3888,3925,3888,3902,3909,3770,3856,4025,3859,3933,4007,3842,3865,3941,3886,3937,3898,3862,3888,3892,3839,3969,3844,3925,4080,3848,3991,3963,3914,3809,3895,3898,3811,3870,3963
115,3999,3956,3851,3962,3935,3960,3894,3866,3903,3896,3943,3761,3846,3796,3991,3920,3947,3850,3926,3887,3854,3908,3931,3876,3918,3838,4017,3940,3833,3913,3960,3990,3881,3876,3866,3955,3957,3953,3981,3818,3963,3902,3883,3951,3988,3969,3947,3963,3991,3960,3866,3917,3953,3985,3786,3851,3818,3959,3863,3869,3789,3919,3950,3818
116,3990,3943,3871,4009,3843,3885,3898,3900,3981,3920,3836,3847,3982,3779,4038,3879,3970,3876,3959,3839,3781,3928,3814,3809,3904,4048,3829,3902,3867,3840,3872,3900,3884,3926,3757,3903,3910,3876,3913,3953,3872,3921,4002,3984,3869,3903,3846,4015,3859,3815,3939,3970,3904,3992,3908,3879,3936,3830,3936,3968,4030,3970,3846,3869
117,3880,3845,3890,3830,3774,3984,3857,3887,3783,3874,4070,3781,3865,3972,3903,3885,3978,3783,3838,4043,3946,3851,3842,3771,3950,3949,3912,3892,3937,3848,3961,3914,3888,3952,3901,3895,3936,3953,3964,3963,3841,3962,3851,3843,3885,3941,3910,3903,3854,3932,3941,3914,3888,3927,3928,3887,3861,3843,3878,3893,3847,3867,3809,3948
118,3900,3977,3994,3965,3936,3867,3992,4066,3858,3867,3797,3897,3787,3979,3964,3865,3940,3897,3881,3820,3965,3887,3917,3799,3902,3885,3812,3992,3922,4023,3923,3834,3909,3874,3895,3945,3889,3857,3901,3965,3932,3914,3841,3884,3905,3936,3889,3895,3948,3915,3901,3860,3855,4031,3872,3987,3994,3882,3908,3931,3936,3861,3880,3947
119,3976,3829,3962,3877,3930,3950,3932,3882,3840,3860,3901,3876,3848,3738,3921,3911,3826,3943,3936,3917,3806,3845,3859,3920,4049,3790,3930,3963,3884,4049,3982,3748,3901,3962,3897,3870,3832,3871,3921,3802,3933,3995,3916,3733,3891,3876,3920,3842,3857,3896,3846,3911,3902,3663,3961,3930,3979,3887,3909,4010,3816,3751,3819,3848
120,3951,3975,3899,3963,3901,3875,3889,3955,3899,3941,3844,3842,3736,3905,3873,3989,3914,3795,3894,4006,3858,3926,3865,3961,3883,3956,3939,3909,3976,3860,3934,3934,4060,3969,3891,3915,3987,3938,3911,3883,3830,3888,3980,3995,3813,3927,3837,3865,4050,3935,3949,4046,3885,3953,3858,3803,3954,3843,4010,3754,3938,3853,3801,3941
121,3965,3997,3994,3838,3872,3857,3911,3858,3928,3880,3920,3875,3940,3869,3882,3926,4010,3863,3855,3893,3979,3895,3874,3943,3853,3957,3835,3837,3942,3920,3844,3876,3873,3897,3849,3942,3843,3842,3877,3870,3891,3908,3892,3923,3884,3946,3923,3937,3900,3875,3924,3933,3900,3887,3884,3889,3931,3876,3877,3974,3973,3783,3877,3884
122,3901,3804,3929,3873,3836,3879,3946,3791,3932,3930,3896,3894,3922,3781,3896,3867,3831,3879,4027,3944,3876,3945,3861,3917,3854,3951,3908,3979,3845,3866,4033,3856,3735,3956,3921,3924,3891,3991,3932,3799,4072,3890,3952,3944,3872,3846,3952,3893,3785,3774,3843,3889,3958,3904,3857,3901,3855,3847,3873,3892,3955,3935,3918,3907
123,3867,3877,3843,3935,4064,3915,3780,3879,3910,3877,3899,3787,4021,3990,3926,4026,3870,3876,3957,3931,3878,3890,3866,3848,3892,3917,3986,3806,3969,3958,3993,3824,3786,3934,3836,3875,4067,3950,3852,3970,3967,3967,3814,3781,3927,3995,3918,3869,3820,4151,3905,3938,4009,3906,3965,3828,3942,4034,3953,3980,3915,3814,3876,3888
124,3865,3823,3829,3935,4044,3942,3981,3878,3898,3838,3872,3922,3860,3894,3925,3799,3900,3930,3845,3886,3928,3902,3909,3902,3913,3966,3972,3767,3996,4024,3916,3804,3879,3841,3790,3803,3959,3888,3930,3874,3984,3808,3895,3836,3830,3956,3908,3875,3850,3852,3837,3852,3929,4004,3940,3902,3901,3910,3922,3935,3835,3830,4033,3935
125,3854,3904,3813,3851,3895,3995,3955,3917,3920,3866,3865,3860,3863,3919,3932,3942,3903,3866,3838,3902,3853,3980,3908,3989,3910,3964,3919,4037,3825,3840,3915,3938,4017,3890,3937,3867,3910,3892,3946,3879,3911,3947,3877,3848,4008,3997,3898,3928,3969,3898,3932,3943,3799,3873,3850,3975,3883,3887,3794,3915,3855,3929,3883,3973
126,3798,3976,3937,3999,3920,4007,3947,3861,3876,3801,3995,3779,3957,3780,3795,3914,3977,3887,3833,3905,3938,3866,3839,3975,3980,3935,3919,3956,3919,3878,3945,3966,4048,4039,4021,3916,3918,3941,3934,4003,3927,4111,3907,3858,3890,3819,3892,3855,3926,3916,3991,3864,3854,3875,3893,3836,3899,3935,3922,3886,3884,3846,3909,3938
127,3904,3880,3912,3815,3900,3895,3979,3891,3890,3882,3996,3961,3906,3903,3982,3801,3982,3990,3938,3936,3832,3912,3792,3861,3865,3878,3872,3831,3897,3762,3871,3914,3859,3844,4061,3939,3974,3863,3889,3964,3823,3921,3969,3906,3859,3896,3912,3951,3859,3837,3932,3846,3902,3976,3831,3823,3902,3935,3921,3958,3811,3885,3753,3875
128,3873,3773,3836,3958,3813,3981,3918,3967,4071,3903,3951,3919,3881,3985,4015,3985,3848,3823,3819,3949,3950,3866,3941,3797,3911,3837,3984,3773,3988,3881,3859,3843,3847,3948,3908,3930,3925,3950,3902,3935,3910,3868,3900,3905,3785,4006,3931,3978,3976,3875,3881,3899,3830,3878,3821,3898,3858,3836,3927,3870,3889,3910,3810,3829
129,3834,3778,3974,4054,3913,3791,3942,3965,3922,4005,3929,3935,3831,3913,3893,3797,3922,3847,3927,3940,3927,3937,3926,3881,3802,3851,3934,3851,3890,3935,3994,3905,3869,3783,3865,3914,3931,3858,3961,3862,3874,3899,3890,3846,3914,3967,3949,3892,4024,3805,3857,3770,4032,3880,3924,3962,3955,3881,3976,4033,3869,3882,3925,3977
130,3977,3904,3863,3891,3804,3890,3939,3886,4048,3998,3931,4023,3919,3925,3968,3820,3873,3891,3820,3844,3943,3933,3778,3956,3897,3938,3908,3954,3890,3938,3879,4052,3973,3949,3987,3959,3943,3921,3988,3878,3823,3956,3849,3918,3865,3795,3890,3991,3922,3997,3817,3901,3922,3925,3947,3864,3842,3893,3924,3906,4007,3911,3847,3928
131,3912,3860,3899,3974,3963,3906,4016,3965,3835,3962,3929,3948,3872,3958,3955,3732,3945,3974,3776,3894,3799,3915,3997,3896,3859,3772,3760,3771,3935,3939,3811,3958,3780,3775,3965,3861,3893,4026,3911,3946,4012,3896,3927,3814,3867,4067,3942,4009,3931,3939,3942,3908,3903,3872,3874,3974,3908,3910,3902,3962,3908,3918,4020,3985
132,3950,3913,3944,3991,3922,3808,3903,3876,3887,3931,3917,3981,3777,3913,3879,3807,4001,3812,3938,3914,3947,3934,3824,3864,3852,3900,3955,3809,3952,3933,3892,3839,3978,3955,3923,4005,3835,3897,3860,3960,3807,3930,3862,3941,3929,3987,3827,3918,3951,3839,3742,3877,3969,3926,3862,3873,3975,3937,3893,3891,3979,3840,3861,3879
133,3843,3908,3865,3969,3860,3890,3905,3946,3981,3849,3918,3878,3864,3985,3892,3930,3937,3973,3940,3951,3894,3803,3910,3776,3845,3973,3852,3915,3908,4023,3916,3954,3929,3881,3861,3915,3901,3982,3863,3855,3890,3884,3970,4004,3878,3957,3892,3889,4042,3888,3920,3984,3907,3871,3995,3928,3956,4078,3850,3848,3906,3913,4037,4024
134,3895,3906,3958,3835,3814,3902,3803,3954,3988,3841,3988,3804,3932,3932,3913,3838,3854,3840,3928,3903,3925,3898,3999,3968,3917,3933,3855,3916,3877,3909,3910,3900,3847,3919,3935,3926,3950,3882,3916,3846,3927,3946,3818,3942,3865,3921,3915,3852,3922,3850,3986,3989,3968,3911,3866,3862,3956,3903,3831,3930,4029,3997,3923,3849
135,3855,3793,3815,4089,3903,3857,3908,3944,3931,3949,3941,3852,3878,3881,3940,3851,3980,3887,3860,3921,3937,3774,3883,3982,3849,3980,3831,3886,3885,3958,3970,3858,3873,3804,3901,4007,3919,3819,3962,3907,3887,3900,3921,3944,3923,3891,3967,3863,3974,3963,3923,4005,3938,3993,3956,3953,3857,3890,3926,3919,3910,3862,3843,3987
136,3882,4040,3845,3984,4007,3954,3961,3861,3886,3891,3926,3986,3886,3753,3760,3980,3932,3950,3811,3833,3895,3877,3864,3865,3943,3948,3879,3870,3879,3930,3899,3875,3864,3987,3894,3871,3896,3932,3905,3995,3994,3832,3976,3867,3911,3944,3891,3945,3958,3945,3968,3915,3985,3858,3828,3934,3865,3898,3821,3922,3978,3876,3960,3872
137,3879,3893,3970,3893,3968,3972,3954,3862,3930,3932,3766,3817,3844,3894,3993,3840,3854,3867,3947,3876,3968,3914,3903,4002,3887,3942,3943,4005,3888,3915,3968,3884,4061,3931,3999,3880,3891,3839,3891,3970,4061,3885,3921,3881,3838,3900,3899,3818,3946,3981,3924,3879,3801,3846,4001,3729,3975,3961,3905,3821,3826,3943,3864,3916
138,3895,3848,3905,3929,3802,3835,3869,3964,3922,3876,3901,3922,3888,3869,3789,3764,3981,3959,3966,3809,3888,3928,3841,3928,3947,3860,3813,3924,3809,3985,3846,3888,3977,3916,3906,3909,3846,4073,3808,3966,3789,3821,3916,3887,3940,3845,3927,3852,3812,3909,3858,3974,3916,4010,3914,3863,3874,3996,4013,3965,3793,3805,3879,4012
139,3803,3948,3829,3874,3912,3814,4015,3859,3865,3891,3914,4049,3878,3874,3870,3944,3918,3883,3774,3940,3817,3929,3897,3893,3912,3868,3930,3834,3840,3929,3999,3901,3931,3944,3930,3851,3950,3873,3892,3892,3929,3769,3878,4029,3878,3897,3924,3839,3881,3943,3880,3832,3812,3891,3942,3874,3873,3930,3922,4074,3868,3875,3838,3822
140,3910,3874,3991,3830,3990,3849,3894,3899,3949,3948,3908,3958,3966,3883,4084,3891,3851,3904,3825,3891,3865,4022,3896,3856,3900,3898,3864,3845,4002,3908,3799,3897,3799,3955,3785,3978,4034,3834,3979,3906,3899,3876,3908,3889,3915,3987,3912,3954,3937,3876,3928,3915,3900,3830,3874,3881,3922,3987,3894,3816,3966,3929,3930,3879
141,3889,3878,3900,3790,3916,3842,3834,3935,3920,3860,3816,3880,3865,3835,4078,3912,3888,3879,3972,3974,3956,3821,3927,3911,3813,3929,3877,3829,3920,3965,3886,3836,3914,3985,3951,3939,3916,3988,3745,3884,3858,3896,3865,4092,3895,3818,3951,3941,3902,3873,3804,3892,3974,3949,3859,3869,3989,3862,3964,3730,3905,3959,3939,3937
142,3796,3923,3891,3860,3910,4059,3932,3872,3862,3957,3894,3921,3864,3848,3754,3916,3922,4054,3861,3828,3983,3845,3843,3914,3815,3953,3884,3978,3922,3949,3875,3883,3863,3987,3954,3808,3949,3935,3836,3878,3922,3931,3969,3863,3878,3895,3918,3891,4033,3904,4030,4016,3841,3807,3880,3925,3840,3922,3999,3906,3822,3831,3886,3838
143,3997,3973,3992,3849,3988,3906,3883,3831,3781,3932,4023,3844,3770,3860,3808,3913,3954,3861,3990,3926,3901,3992,3946,3909,4033,3939,3895,3832,4038,3820,3810,3877,3787,3910,3922,3851,3951,3992,3914,3903,3778,4013,3914,3911,3833,3848,3861,3875,3827,3990,3797,3992,3856,3934,3913,3910,3895,3833,3947,3990,3822,3785,4016,3769
144,3976,3869,3904,3914,3873,3902,3917,3967,3970,3912,3787,3974,4011,3869,3944,3943,4003,3930,3894,3878,3897,3944,3839,3902,3819,3800,3945,3951,3828,3879,3902,3840,3854,4000,3983,3909,3850,4036,3996,3814,3835,3977,3852,3997,3951,3858,3871,3968,3983,3866,4010,3871,3886,3884,3934,3947,3962,3900,3863,3900,3967,3910,3913,3866
145,3992,3821,3853,3833,3892,3976,3962,3972,3909,3937,3896,3892,3886,3898,3924,3954,3888,3861,3883,3982,3958,3898,3875,3971,3921,3890,3966,3926,3977,3931,3877,3854,3813,3960,3920,3834,3806,3930,3893,3798,4004,3846,3824,3966,4039,3876,3857,3884,3804,3940,3882,3934,3950,3976,3885,3831,3928,3914,3972,3898,3969,3930,3853,3846
146,3875,3998,3950,3879,3914,3957,3907,3896,4022,3920,3888,3908,3875,3790,3985,3899,3909,4021,3900,3951,3893,3965,3790,3933,3945,3840,3892,4027,3938,3820,3899,3927,3920,3971,3891,4025,3930,3926,3814,3953,3867,4073,3920,3920,3966,3949,3923,3933,3928,3909,3880,3855,3912,3889,3842,3843,4021,3777,3898,3818,3922,3995,3773,3907
147,3970,3933,3915,3937,4038,3959,3910,3829,3828,3922,4006,3999,3907,3956,3880,3947,3972,3877,3901,3830,3890,3853,3943,3866,3894,3914,3941,3982,3910,3924,3946,3891,3907,3900,3967,3950,3878,3918,3918,4003,3952,3864,3888,3959,3859,3894,3866,3761,3810,3962,3896,3984,3926,3924,3961,3788,3797,3937,3870,3920,3843,3973,4037,3944
148,3934,3948,3892,3961,3970,3906,3987,3998,3935,3807,3953,3903,3953,3934,3952,3901,4028,3918,3887,3796,3904,3929,3948,3930,3783,3799,3931,3873,3888,3894,3803,3997,3777,3883,3890,3827,3999,3944,3976,3767,3904,3770,3743,3834,3906,4026,3921,3884,3846,3923,3852,3990,4011,4050,3927,3889,3814,3974,3913,3898,3903,4038,3904,3923
149,3794,3971,3954,3918,3944,4043,3788,3882,4015,3954,3790,3854,3887,3983,3915,3964,3908,3943,3956,3849,3870,3953,3845,3940,3830,3812,3916,3954,3953,3878,3962,3955,3868,3973,3922,3942,3848,3915,3931,3832,3878,3953,3911,3891,3864,3921,3843,3973,3871,3793,3849,3838,3792,3890,3908,3969,4013,3909,3863,3949,3911,3946,3827,3964
150,3857,3962,3938,3860,3987,3943,3936,3934,3858,3895,3808,3868,3938,3851,3817,3897,3823,3875,3901,3949,3784,3954,4083,3933,3964,3943,3930,3829,3984,3953,3902,3916,3910,3899,3873,3992,3830,3898,4047,3955,3893,3832,3845,3943,3846,4012,3916,3915,3807,3900,3784,3926,3905,3924,3905,3837,3915,4005,3923,4046,3869,3901,3877,3884
151,3884,3929,3994,3862,3928,3840,3952,3830,3932,3848,3838,3927,3888,3964,3878,3918,3908,3859,3892,3970,3889,3887,3901,3902,3840,3911,3946,3836,3946,3961,3975,3973,3831,3907,3929,3889,3927,3860,3999,3889,3876,3942,3911,3842,3988,3820,3824,3950,3847,3913,3880,3909,3962,3904,4015,3881,3926,3875,3771,3969,3939,3909,3868,3990
152,3986,3945,3853,3943,3963,3910,3887,3879,3856,3916,3835,3945,3878,3877,3952,4002,4010,3822,3878,3918,4010,3845,3906,3887,3903,3910,3870,3886,3881,3893,3797,4012,3909,3854,3953,3807,3842,3946,3882,3927,3932,3851,3904,3857,3826,4053,3928,3848,3855,3921,3871,3883,3876,3790,3957,3920,3878,3949,3948,3820,3815,3869,4009,3979
153,3802,3971,3862,3897,3898,3991,3897,3901,3958,3896,3914,3936,3908,3890,3967,4064,3975,3839,3939,3821,4040,3842,4035,3906,3885,3940,3906,3908,3974,3931,3975,3960,3883,3825,3921,3903,3971,3926,3964,3953,3922,3959,3813,3916,3823,3910,3887,3983,3914,3903,3939,3919,3920,3963,3851,3880,3804,3812,3913,3924,3855,3880,4007,3968
154,3815,3950,3922,3830,3833,3916,4008,3784,3963,3847,3885,3941,3907,4030,4039,3971,3900,3936,3907,3982,4020,3845,3882,3854,3897,3918,3960,3943,3851,3958,3928,3887,3972,3895,3755,3938,3822,3938,3915,3879,3937,3906,3841,3957,3915,3946,3889,3963,3888,3989,3901,3861,3894,3849,3860,3908,3988,3951,3885,3947,4008,3918,3866,3880
155,3875,3862,3978,3900,3958,3966,3852,3887,3936,3871,3885,3903,3908,3961,3982,3802,3854,3835,3856,3879,3904,3901,3762,3936,3940,3897,3844,3959,4024,3937,4021,3816,4027,3933,3883,3855,3994,3952,3869,3961,4008,3940,4034,3811,3934,3897,3867,4018,3910,3920,3922,3871,3784,3813,3882,3824,3853,3930,3880,3871,3989,3913,3909,3781
156,3843,3876,3837,3750,3926,3987,3910,3931,3861,3906,3869,3943,3875,3916,3941,4005,3879,3918,3793,3874,3890,3853,3911,3874,3847,3925,3968,3966,3875,3951,3854,3904,3934,3961,3907,3952,3834,3853,3948,3808,3808,3858,3900,3795,3839,3879,3942,3949,3892,3960,3952,3898,3889,3855,3925,3899,3823,3811,3895,3989,3940,3915,3885,3831
157,3854,3872,3874,3876,3973,3955,3881,3964,3940,3989,3871,3955,3797,3861,3741,3843,4022,3819,3876,3860,3913,3785,3842,3926,3781,3887,4071,3881,3868,3861,3887,3878,3989,3810,3929,3898,3882,3917,3875,3881,3890,3845,3919,3818,3992,3897,3811,3856,3925,3851,3933,3820,3765,3842,3996,3874,3953,3961,3885,3854,3980,3928,3839,4005
158,3955,3934,3951,4022,3986,3861,3829,3901,3950,3835,3967,3840,3909,3913,3861,3823,3852,3941,3822,3935,3950,3879,3878,3892,3862,3811,3941,3736,3965,3949,3954,3942,3984,3914,3906,3889,3873,3975,3837,3998,3959,3957,3906,3902,3885,3888,3862,3906,3951,3894,3843,3973,3874,4007,3841,3864,3842,3867,3835,3925,3843,3922,3883,3819
159,3893,3890,3838,3846,3922,3850,3893,3944,3874,3846,3868,3914,3967,3836,3910,3982,3856,3831,3792,3944,3937,3985,3944,3898,3885,3857,3990,3955,3802,3983,3974,3844,3856,3964,3917,3884,4038,3884,3939,3938,3853,3924,3898,3863,3854,3952,3939,3928,3945,3901,3987,3945,3887,3952,3865,3856,3891,3888,4007,3899,3949,4019,3889,3835
160,3898,3872,3875,3963,3985,3894,3964,3808,3895,3933,3811,3946,3965,3949,3907,3994,3898,3909,3911,3895,3887,3875,4003,3894,3989,3869,3922,3846,3958,3873,3905,3914,4046,3872,3921,3901,4013,3860,3839,3864,3981,3933,3972,3860,3901,4017,3975,3970,3926,3925,3812,3897,3909,3821,3835,3954,3891,3866,3937,3930,3936,3866,3947,3898
161,3877,3814,3868,3995,3934,3840,3870,3801,3832,3915,3929,3908,3992,3768,3977,3986,3829,3983,3882,3841,3980,3931,3990,3981,3812,3823,3968,3852,3953,3945,3909,3871,3867,3895,3972,3885,3831,3942,3886,3904,3820,3902,3834,3941,3835,3980,4067,3914,4000,3833,3936,3868,3940,3943,3988,3955,3830,3914,4028,3944,3919,3927,3902,3894
162,3920,3909,3966,3862,3967,3868,3856,3946,3934,3883,3942,3957,3901,3798,3935,3922,3926,3933,3992,3974,3835,3852,3849,3919,3842,3936,3931,3872,3951,3940,3975,3817,3900,3878,3941,3871,4016,3809,3871,3900,3847,3969,3973,3938,4021,3866,3860,3873,3964,3852,3864,3909,3931,3905,3865,3866,3894,3949,3934,4009,3873,3978,3855,3826
163,3947,3869,3842,3998,3930,3953,3883,3977,3880,3948,3964,3949,3867,3771,3897,4028,3895,3845,3807,3948,3930,3787,3971,3805,3931,3951,3861,3760,3967,3784,3886,3999,3949,3975,3974,4011,3937,3904,3713,3850,3802,3872,4056,3872,3871,3851,3968,3939,3869,3864,4023,3845,3883,3867,3932,3911,3989,3884,3894,3861,3947,3882,4102,3910
164,3926,3936,3874,3994,3797,3949,3987,3923,3831,3948,3787,3795,3945,3921,3916,3866,3813,3862,3910,3850,3955,3820,3984,3846,3928,3869,4049,3887,4039,3860,3907,3965,3931,3937,3818,3895,3943,3993,3930,3868,3917,3796,3835,4014,3928,3912,3856,3943,3918,3895,3818,3910,3917,4009,3830,3925,3886,3864,3836,3962,3923,3856,3843,3907
165,3983,3861,3992,3875,3881,3896,3905,3861,3896,3840,3940,3907,3839,3951,3860,3888,3835,3897,3906,3987,3825,3864,3803,4101,3919,3812,3925,3961,3881,3884,4000,3938,3875,3841,3960,3908,3890,3832,3799,3983,3749,3910,3985,3830,3877,3951,3977,3925,3817,3919,3930,3888,3971,3908,3866,3929,3991,3791,3871,3937,3950,3925,3829,3973
166,3956,3948,3900,3852,3959,3969,3906,4024,3939,4034,3931,3960,3921,3921,3900,3930,3913,3903,3810,3940,3979,4002,3842,3797,4057,3891,3934,3919,3867,3861,3888,3915,3866,3814,3925,3842,3954,3922,3847,3940,3868,3808,3858,3881,3916,3980,3824,3844,3977,3926,3881,3875,3937,3909,3934,3894,3925,3848,4006,3940,4040,3910,3955,3943
167,3850,3905,3911,3971,4072,3905,3819,4010,3990,3964,3874,4021,3929,3982,3901,3947,3775,3880,3955,3843,4009,3840,3930,4035,3925,3941,3903,3827,3944,3905,3856,3900,3924,3909,3961,4011,3971,3914,3884,3829,3948,3838,3825,3922,3835,4030,3825,4034,3856,3861,3919,3906,3970,3954,3848,3831,3914,3927,3956,3818,3954,3875,3963,3838
168,3844,3981,3934,3965,3922,3938,3957,3938,3784,3891,3880,3962,3934,3966,3883,3982,3861,3865,3875,3940,3828,3873,3967,3809,3941,3951,3842,4030,3972,3872,3910,3932,3932,3846,3915,4017,3905,3986,3928,3946,3916,3896,3972,3799,3960,3924,3978,3951,3871,3846,3899,3965,3880,3856,3860,3985,3956,3892,3864,3899,3855,4017,3807,3881
169,3995,3867,3903,3917,3883,3933,3840,3895,3934,3943,3894,3948,3869,3876,3973,3914,3835,3902,3990,3973,3950,3988,3868,3987,3899,3914,3929,3918,3915,3891,3885,3830,3951,3948,3830,3936,3978,4031,3938,3973,3878,3864,3878,3860,3883,3980,3897,3911,3922,3821,3997,3904,3887,3890,3918,3926,3830,3789,3788,3851,3988,4006,3841,3893
170,3963,4001,3805,3924,3836,3917,3820,3942,3897,3834,3924,3852,3923,3828,3782,3843,3999,3844,3829,3906,3975,3869,3830,3948,3968,3858,3831,3861,3945,3899,3947,3898,3774,3910,3818,3934,3967,3808,3872,3786,3973,3906,3935,3874,3866,3911,3871,3853,3878,3993,3954,3892,3924,3973,3883,3953,3870,4020,3762,3832,3895,3787,3857,3913
171,3929,3797,3997,3833,4013,3792,3926,3972,3865,3878,3884,3944,3897,3924,3926,3833,3952,3973,3713,3864,3954,3944,3894,3913,3924,3943,3974,3933,3909,3961,3850,3809,3853,3844,4000,3842,3855,3994,3961,3869,3900,3943,3959,3933,3903,3921,3997,3998,3965,3762,3935,3862,3884,3909,3918,3887,3915,3862,3828,3884,3912,4047,4034,3974
172,4042,3932,3931,3924,3850,3954,3902,3960,3951,3858,4018,3970,3870,3885,3777,3932,3981,3968,3871,3860,3803,3844,3891,3817,3859,3896,3911,3906,4023,3922,4062,3953,3906,3853,3923,3818,3946,3873,3975,3819,3921,3833,3938,3853,4054,3897,3836,3924,3904,4009,4003,3862,3731,3913,3941,3862,3900,4006,3971,3876,3918,3922,3926,3978
173,3847,3863,3913,3884,3918,3904,3912,3878,3795,3872,4055,3845,3916,3873,3955,3926,3849,3941,3940,3931,3814,3800,3876,3973,3999,3919,3932,3925,3862,3969,3982,3922,3945,3790,3914,3880,3892,3980,4007,3880,3901,3949,3896,3872,3917,3942,3821,3959,3798,3937,3887,3956,3995,3929,3979,3994,3906,3962,3852,3856,3788,3904,3869,3951
174,4006,3996,3902,3993,3887,3918,3882,3955,3941,3922,3910,3911,3902,3918,4041,3954,3895,3962,3840,3878,3910,3989,3938,3933,3852,3922,3809,3844,4060,3906,3886,3829,3904,3950,3976,3785,3978,3876,3913,3862,4015,3879,3806,3956,3962,3875,3865,3883,3968,3966,3799,3833,4020,3903,3848,3940,3875,3928,3932,3915,3829,3944,3954,3896
175,3866,3844,3936,4028,3994,3786,3964,3931,3931,3886,3996,3977,3924,3923,3961,3916,3852,3836,4035,3857,3867,3907,3888,3899,3948,3977,3859,3971,3858,3961,3873,3894,3796,3926,3925,4021,3846,3845,3878,3965,3842,3916,3905,3925,3890,3875,3910,3879,3880,3921,3938,3858,4054,3855,3911,3953,3902,3948,3916,3844,3821,4091,3929,3864
176,3975,3963,3812,3917,3943,3887,3932,3940,3831,3986,3855,4037,3950,4004,3877,4011,3897,3901,3835,3858,3930,3928,3937,3873,3914,3940,3908,3836,3750,3830,3936,3751,3979,3813,3849,3846,3906,3851,3846,3797,3834,3906,3958,3906,4036,3849,3868,3951,3811,3940,3979,3873,3871,3806,3958,3767,3925,3933,3864,3838,3881,3860,3835,3859
177,3921,3958,3983,3909,3899,4015,4001,3960,4031,3929,3887,3838,3939,3872,3971,3856,3849,3959,3997,3909,3863,3935,3935,3900,3864,3912,3873,3922,3870,3885,3857,3904,4009,3838,3772,4058,3972,3845,4000,3808,3997,3917,3837,4050,3939,3885,3893,3975,3886,3879,3908,3882,3956,3924,3908,3843,3954,3840,3994,3916,4018,3979,3937,3968
178,3818,3900,3922,3857,3822,3856,4012,3877,3872,3974,3926,3964,4045,3965,3899,3905,3957,3911,3900,4052,3880,3894,3824,3945,3892,3978,3861,3880,3886,3824,3847,3964,3884,3834,3865,3897,3805,3837,3937,3936,3911,4023,3841,3867,3896,3911,3867,3928,3847,3888,3972,3992,3945,3870,3972,3787,3949,3882,3906,3952,3908,3981,3971,3873
179,3868,3926,3817,3976,3894,3941,3960,3815,3861,3958,3914,4001,3978,3965,4007,3986,3875,3867,3899,3878,3921,3837,3956,3842,3874,3972,3864,3821,3913,4033,3993,3904,3899,3835,3890,3910,3849,3995,3859,3950,3905,3851,3917,3873,3823,3868,3872,3932,3872,3879,3929,3880,3963,3928,3802,3863,3903,3988,3944,3817,4069,3848,3889,3953
180,3998,4000,3916,3847,3894,3759,3908,3955,3904,4018,3898,3955,3866,3951,3938,3856,3943,3884,3867,3893,3846,3909,3774,3983,4004,3947,3913,3897,3993,3814,3913,3951,4059,3934,3861,3851,3775,3839,3873,3972,3928,3755,3906,3969,4006,3960,3958,3791,3832,3835,3934,3889,3980,3882,3855,3887,3956,4018,3935,3872,3913,3891,3955,3907
181,3929,3987,3957,3882,3904,3952,3838,3891,3864,3776,3916,3876,3876,3848,3823,3825,3960,3802,3839,4020,3785,3939,3934,3835,3852,3977,3875,3896,3927,3779,3930,3962,3882,3993,4002,4010,3856,3845,3992,3851,3884,3816,3863,3808,3943,3985,3951,3914,3833,3832,3888,3926,3883,3967,3983,3831,3918,3919,3982,3830,3865,3873,3970,3857
182,3913,3837,3891,3952,3891,3920,3876,3926,4041,3892,4008,3852,3926,3932,3997,3964,3941,3747,3963,3991,3996,3896,3944,3935,3902,3968,3901,3776,3907,3760,3871,3875,3929,3888,3880,3861,3830,3888,3794,3879,3866,3922,3976,3926,4012,3987,3865,3916,3839,3929,3812,3887,3842,3879,3967,3858,3900,3935,3861,3905,3974,4015,3865,3786
183,3932,3998,3874,3873,3928,3876,3847,3985,3864,3970,3970,3961,3836,3919,3977,3942,3870,3934,3913,3895,3939,3936,3921,3901,3875,3963,3918,3862,3924,3910,3884,3968,3809,3830,3941,3896,3785,3925,3854,3994,3990,3829,3826,4008,3798,4002,3961,3998,3844,3838,3877,3821,3953,3917,3988,3890,4029,3923,3883,3911,3989,3937,3891,3937
184,3904,3936,3933,3939,3841,3924,3842,3883,3921,4080,3806,3867,3901,3955,3910,3858,3765,3911,3873,3934,3849,3942,3812,3839,4059,3815,3835,3958,3973,3796,3953,4002,3922,3984,3841,3870,3859,3890,3834,3918,3786,3923,3919,3909,3894,3874,3826,3910,3925,3904,3928,3848,3908,3920,4014,3920,4042,3987,3921,3982,3866,3976,3890,3951
185,3964,3809,3896,4087,3835,3870,3918,3889,3981,3942,3891,3787,3882,3884,3840,3928,4000,3943,3931,3911,3908,4040,3976,3996,3988,3967,3913,3835,3993,3973,3900,3920,3961,3874,3908,3901,3854,4003,3985,3906,3860,3931,3959,3965,3823,3916,3932,3903,3897,3876,3891,3938,3845,3930,4031,3900,3907,3885,3965,3969,3954,3820,3903,3968
186,3929,3869,3854,4005,3878,3808,3853,3866,3877,3825,3874,3848,3882,3960,3883,3890,3826,3883,3861,4010,3905,3957,3818,3929,3932,4013,4017,3914,3840,3860,3945,3900,3934,3929,4009,3877,3921,3966,3856,3899,3965,3847,3913,3896,3818,3774,4025,3918,3890,3824,3860,3957,3896,3906,3834,3961,3892,3955,3988,3829,3841,3840,3908,3955
187,3887,3828,3877,4013,3996,3910,3796,3976,3992,3873,3942,3913,3873,3987,3942,3875,3823,3902,3789,3878,3911,3915,3944,3776,3891,3879,3887,3866,3852,3907,3783,3870,3834,3930,3903,3896,3923,3781,3992,3811,3883,3932,3923,3907,3863,3813,3890,3796,3886,3891,3850,3885,3886,3844,4015,3977,3840,4060,3920,3988,3866,3853,3857,3927
188,3842,3944,3845,3897,3916,3896,3942,3938,3870,3904,3868,3879,3913,3982,3989,3903,3833,3898,4053,3771,3863,3821,3969,3938,3959,3943,3973,3962,3930,4022,3856,3898,3912,3904,3959,3802,3845,3881,4000,3973,3965,3806,3847,3890,3820,3943,3848,3953,3870,3885,3882,3746,3931,3966,3899,3935,3964,3766,3785,3782,3948,3896,3836,3872
189,3877,3951,3804,3995,3949,3941,3882,3862,3875,3937,3849,3997,3944,3895,3992,3916,3813,3893,3886,3957,3969,3868,4026,3998,3824,3896,3894,3895,3779,3969,3921,3873,3863,3783,3833,4026,3884,4063,3953,3877,3917,3816,3823,3864,3872,3868,3911,3960,3862,3874,3783,3894,4029,3976,3744,3967,3974,3825,3868,3722,3967,3912,3916,3972
190,3869,3952,3866,3941,3819,3956,3857,3880,3854,3872,3904,3928,4014,3887,3937,3823,3877,4062,3973,4076,3959,3818,3807,3880,4000,3821,3861,3910,3890,3843,3829,3855,3937,3883,3976,3806,3855,3884,3914,3832,3782,3935,3877,3878,3845,4011,4055,3966,3956,3889,3779,3896,3998,3899,3842,3813,4001,3948,3955,3873,3928,3961,3922,3959
191,4027,3880,3877,3885,3843,3934,3835,3930,3972,3862,3852,3961,4020,3929,3857,3984,3884,3934,3893,3856,3869,3953,3915,3900,3946,3909,3944,3943,3926,3794,3971,3921,3789,3875,4109,3856,3831,3901,3792,3881,3895,4044,3785,3912,3964,3959,3884,3853,3867,3896,3902,3819,3972,3917,3873,3965,3893,3924,3713,3948,3914,3982,3914,3883
192,3917,3852,3922,3937,3972,3908,3858,3789,3841,4014,3886,3982,3902,3929,3903,3841,3883,3911,3845,3991,3893,3861,3985,3761,3866,3988,3890,3840,3887,3835,4017,3927,3893,3867,4013,3824,3860,3822,3991,3869,3851,3956,4002,3810,3856,3927,3869,3830,3913,3921,3937,4037,3909,3951,3818,3866,3960,3822,3915,3934,3903,3933,3874,3987
193,4010,3836,3796,3986,3838,4002,4009,3851,3948,3961,3990,3880,3994,3903,4039,3921,3944,3896,3861,3925,3900,3904,3893,4008,3941,4058,3833,3954,3909,3934,3925,3969,3985,3922,3998,3864,3970,4010,3927,3900,3825,3958,3837,3948,3988,3804,3912,3948,3875,3987,3932,3899,3949,3908,3962,3868,3859,3773,3895,3888,3939,3923,3925,3853
194,3763,3877,3880,3953,3905,3827,4083,3935,3930,3980,3969,3888,3958,3953,3829,3942,3966,3943,4024,3873,3886,3910,3944,4016,3926,4011,3902,3865,3977,3904,3876,3915,3835,3726,3964,3913,3866,3880,3934,3801,4047,3906,3944,3927,3928,3888,3865,3839,3884,3845,3874,3855,3663,3939,3877,3933,4024,3930,3889,3961,3878,3941,3958,3955
195,3875,3855,3923,3950,3873,3919,3968,3921,3835,3882,3908,3897,3930,3832,3844,3906,3977,3986,3967,3958,3920,3978,3983,3883,3884,3962,3926,3813,3914,3916,3838,4001,3914,3967,3952,3881,3880,3891,3939,3881,3756,3869,4012,3867,3876,4092,3874,3860,3766,3891,3941,3861,3869,3772,3986,3975,3916,3802,3832,3947,3903,3868,4031,3954
196,3984,3922,3907,3854,3964,3888,3862,3945,3865,3929,3797,3881,3938,3994,3896,3847,3938,3751,3838,3956,3938,3919,4023,3896,3955,3818,3871,3950,3918,3945,3793,3894,3848,3970,3927,3925,3897,3989,3938,3851,3934,4007,3935,3898,3904,3863,3792,3892,3843,3963,3800,3988,3791,3924,3870,3902,3905,3902,3903,3959,3987,3993,3956,3899
197,3905,3926,3997,3804,3896,3963,3894,3839,3943,3961,3933,3865,3884,3968,3871,3909,4110,3840,3826,3968,3892,3968,3938,4040,3889,3804,3962,3977,3757,3979,4012,3955,3873,3878,3986,3885,3924,3819,3856,3903,3909,3935,3791,3911,3980,3903,3980,3933,3818,3984,3869,3925,3921,3807,3871,3878,3883,3900,3795,3888,3923,3906,3889,3989
198,3853,3806,3898,3943,3855,3938,4016,3949,3940,4019,3833,3868,3884,3928,3846,4009,3912,3989,3918,3923,3932,3811,3983,3983,3887,3865,3870,3772,3934,3904,3852,3918,3900,3834,3849,3929,3790,3820,4005,3830,3970,3948,3810,3967,3887,3909,3959,3946,3902,3872,4025,3769,3909,3884,3852,3923,4043,3881,3906,3897,3836,3981,3930,3922
199,3926,3835,3820,4015,3867,3935,3918,3962,3891,3846,3933,3907,3811,4011,3928,4011,3853,3952,3835,3850,3938,3950,3911,3922,3854,3817,3730,4015,4012,4032,3915,3939,3833,3946,3936,3836,3954,3846,3901,3879,3774,3888,3778,3910,3880,3861,3904,3923,3962,3909,3928,3868,3837,4024,3823,3946,3962,3945,3956,3866,3985,3840,4051,3841
200,3956,3898,3868,3888,3881,3932,3893,3960,3892,3943,3916,3867,3940,3959,3810,3840,3961,3829,3895,3945,3916,3877,3883,3940,3862,3965,3971,3924,3958,3861,3865,3945,4017,3999,3958,3770,3862,3946,3811,3821,3895,3888,3993,3964,3849,3908,3895,3898,3985,3811,3880,3964,3978,3917,3893,3896,3853,3821,3940,3949,3819,3896,3948,3869
201,3900,3808,3942,4026,3965,3912,3938,3867,3799,3935,3927,3927,3951,3960,3969,4003,3892,3957,3864,3829,3904,3922,4040,3924,4039,3880,3945,3841,3973,3769,4016,3981,3942,3969,3877,3927,3846,3784,3975,3896,3755,3997,3949,3925,3884,3957,3856,3901,3956,4003,3854,3852,3858,3914,4072,3845,3854,3783,4020,3930,3876,3910,3833,3917
202,3896,3853,4099,3928,3894,3868,3862,3989,3809,3889,3899,3926,3920,3991,3923,3879,4015,3835,3851,3850,3949,3961,3950,3843,3900,3860,4015,3949,3879,3856,3916,3918,3922,3879,3938,3899,3905,3958,3878,3930,3985,3909,3873,3944,3945,3825,3914,3742,3827,3929,3760,3896,3913,3882,4018,3927,3844,3897,3845,4030,3953,3994,3980,3936
203,3844,3875,3973,4038,3905,3861,3842,3915,3900,3927,3871,3929,4020,3899,3882,3846,3941,3968,4028,3849,4025,3881,3870,3763,3913,4011,3888,3849,3932,3882,3791,3917,3986,3865,3955,3946,3834,3924,3879,3905,3966,3870,3944,3890,3877,3887,3908,3935,3928,3895,3932,3935,3835,4020,3907,3925,3823,3812,3955,3898,3979,3946,3853,3966
204,3882,3898,3862,3878,3892,3858,3959,3891,3966,3883,3852,3842,3875,3833,3864,3881,3954,3925,3868,3756,3940,3806,3882,3919,3908,3941,3708,3843,4010,3880,3940,3905,3947,3854,3824,3922,3967,4013,3861,3851,3905,3928,3981,3725,3898,3909,3925,3908,3913,3892,3779,3911,3943,3788,3917,3949,3847,3870,3771,3864,3921,3967,3849,3849
205,3943,3932,3872,3892,3982,3909,3960,3897,3928,3998,3895,3905,3886,3885,3905,3955,3921,3948,3911,3816,3870,3946,3933,4051,4074,3831,3927,3908,3967,3832,3928,3962,3852,3990,3916,3949,3904,3866,3844,3806,3947,3966,3901,3904,3962,3794,3999,3899,3942,3977,3925,4021,3920,3842,3807,4000,4016,3920,3899,3978,3985,3863,3938,3912
206,3849,3875,3865,3962,3886,3858,3813,3901,3950,3824,3868,3826,4006,3899,3888,4050,3875,3906,3897,3828,3920,3896,3883,3914,3973,3967,3934,3932,3814,4003,3927,3762,3967,4061,3844,3883,3899,3777,3920,3839,3926,3894,3967,3865,3964,3779,3977,3972,3880,3802,3891,3941,3835,3884,3984,3877,3979,3851,3813,3820,3944,3906,3974,3933
207,3981,3916,3930,3965,3971,3993,3881,3913,4016,3811,4063,3807,3970,3988,3908,3833,3890,3821,3879,3966,3971,3950,4014,3923,3914,3994,3952,3875,3741,3876,3951,3898,3922,3956,3836,3896,3981,3795,3814,4072,3904,3919,3926,3877,3830,3952,3898,3910,3920,3876,4003,3863,3866,3897,3918,3967,3875,4031,3807,3886,3974,3862,3929,3830
208,3944,3809,3902,3854,3898,4048,4066,3906,3903,3910,3917,3858,3850,4012,3923,3946,3934,3973,3862,3920,3829,3947,3860,3876,3815,4000,3981,3925,4025,3892,3892,3833,3839,3973,4002,3908,3938,3934,3960,3980,3875,3947,3845,4022,3887,3881,3889,3889,3818,3819,3889,3898,3884,3961,3921,3945,3875,3796,3896,3872,3951,3847,3929,3960
209,3816,3810,3872,3765,3865,3944,3890,3992,3875,3870,3941,3957,3922,3990,4000,3792,3983,3786,3977,3978,3890,3979,3861,3987,3824,3801,3903,3936,3941,3855,3856,3924,3895,3870,4039,3868,3798,3871,3869,3949,3902,3816,3914,3800,3887,3971,4004,4011,3951,3887,3988,3920,4044,3933,3935,3883,4010,3968,3982,3852,3841,3880,3902,3771
210,3910,3945,3969,3975,3878,4062,3845,3952,3992,4068,3900,3779,3936,3868,3874,3917,3814,3890,3993,3897,4016,3945,3778,3899,3861,3891,3773,3914,3781,3878,3884,3759,3900,3943,3785,3847,3872,3904,3978,3916,4001,3963,3948,3924,3785,3920,3788,3838,3825,3926,3943,3815,3793,3883,3896,3969,3870,3886,3985,3775,3969,3878,3874,3966
211,3856,3991,4036,3849,3833,3924,3810,3865,3895,3856,3931,3968,3887,3864,3827,3936,3867,3834,3946,3973,3928,3876,3974,3945,3838,3959,3935,3986,4019,3914,4020,3800,3964,3873,3951,3920,4016,3895,3908,3920,3892,3836,3912,3965,4020,3953,3873,3854,3928,3817,3861,3933,3966,3912,3904,3914,3869,3918,3860,3956,3953,3876,3916,3961
212,3917,3885,3902,3935,3908,3870,3914,3967,3918,3879,3952,3853,3876,3832,3990,3865,3856,3884,3952,3929,3998,3982,3852,3892,3906,3776,3958,3913,3870,3990,3954,3894,3963,3755,3994,3865,3957,3973,3795,3822,3777,3918,3972,3968,3862,3888,4014,3856,3866,3830,3881,3898,3927,3844,3805,3952,3888,3837,3871,3910,3949,3843,3852,3715
213,3817,3927,3951,3966,3859,3931,3900,4018,3914,4013,3920,3805,3814,3939,3872,3937,3854,3942,3802,3813,3984,3882,3865,3908,3885,4012,3905,4017,3929,4016,3905,3953,3904,3892,3916,3984,3867,3953,3858,3898,3867,3753,3999,3830,3906,3797,3886,3943,3857,3855,3943,3928,3911,3993,3812,3844,3997,3922,3902,3865,3909,3898,3982,3859
214,3910,3818,3821,3831,3984,3923,3811,3973,3878,4013,3952,4042,3877,3906,3961,3892,3839,3773,3988,3929,3950,3875,3840,3828,3953,3773,3904,3982,3977,4018,3937,3868,3982,3979,3929,3767,3825,3915,3961,3957,3875,3857,3894,3952,3834,4053,3989,4008,4011,3916,3941,3818,4066,3972,3926,3936,3972,3953,3968,3905,3901,3903,4024,3836
215,3782,3969,3859,3885,3908,3843,3897,3913,3929,3976,3906,3919,3864,3811,3800,3893,3956,3817,3984,3883,3970,3991,3954,3855,3876,3987,3812,3878,3955,3757,3880,3872,3902,3825,3841,3904,3919,4048,3957,3896,4006,3897,3807,3914,4020,3901,3861,3955,3951,3920,3890,3920,3883,3907,3938,3884,3802,3914,3796,3853,3923,3836,3894,3890
216,3866,3932,3918,3871,3999,3954,3908,3896,3933,3891,3903,3828,3920,3897,3867,3755,3911,3930,3979,3943,3854,3957,3791,3842,3979,3849,3977,3932,3936,3973,3919,4002,4082,3936,3791,3979,3834,3783,3806,3955,3834,3897,3891,4015,3843,3882,3948,3867,3995,3881,3935,3871,3949,3880,3811,3775,3884,3905,3864,3943,3947,3869,3937,3902
217,3909,3955,3892,3938,3884,3929,3867,3899,3716,3864,3873,3912,3896,3872,3895,3905,3934,3959,3882,3959,3947,4018,3799,3976,3834,4016,3910,3916,3897,3910,3900,3920,4044,3966,3877,3900,3904,3946,3881,3837,3848,3915,3871,3907,3998,4030,3950,3904,3910,3851,3881,3893,3871,3777,3890,3961,3856,3936,3989,3868,3976,3891,3934,3890
218,3772,3892,3879,3790,3949,3833,3899,3792,3887,3903,3926,3966,3989,4028,3958,3958,3939,3991,3892,3889,3955,3996,3978,3920,3959,3796,3875,3951,3911,3981,3940,3813,3985,3820,3805,3964,3923,3909,3909,3982,3849,3861,3995,3899,3993,3986,3802,3908,3959,3886,3743,3943,3923,3981,3855,3863,3998,3911,4009,3908,3981,3928,3975,3931
219,3919,3941,3765,3966,3821,3923,3830,3965,3845,3873,3906,3909,3974,3850,3855,4013,3952,3953,3879,3814,3917,4060,3793,3933,3985,4004,4099,3999,3866,3865,3838,3904,3881,3862,3965,3861,3978,3959,3864,3965,3958,3832,3941,3919,3885,4048,3905,3793,3970,3926,3850,3854,3815,3962,3995,3886,3871,3925,3799,3966,3899,3923,3934,3958
220,3958,3821,3824,3896,3979,3841,3848,3927,3810,3904,3869,3873,3902,4029,3902,3854,3955,3860,3929,3948,3980,4013,3783,3853,3832,3993,3872,3992,4092,3840,3925,3926,3857,3963,3969,3835,3862,3822,3997,3933,3857,3953,3959,3961,3947,3893,3809,3872,3880,3959,3820,3987,3906,3889,3980,3944,3944,3861,3901,3871,3908,3862,3880,3989
221,3910,3922,3917,3893,3859,3784,3908,3851,3906,3937,4014,3972,3969,3777,3954,3949,3871,3822,3898,3876,3953,3934,3947,3821,3912,3965,3955,3875,3879,3854,3935,4074,3885,3987,3859,3906,3916,3936,3974,3870,3848,3915,3830,3923,3845,3806,3866,3889,3852,4023,3934,3940,3931,3898,3921,3939,3940,3959,3995,4028,3780,3937,4003,3873
222,3844,3903,3918,3980,3897,3853,3946,3958,3923,3925,3923,3831,3886,3912,3898,3910,3850,3967,3967,3930,3921,3865,3860,3919,3899,3966,3853,3868,3918,3918,3984,3892,3883,3869,3884,3940,3894,3780,3895,3937,3975,3860,3986,3952,3949,3865,3846,3910,3832,3903,3981,3947,3987,3960,3863,3873,3881,3904,3896,3980,3999,3859,4030,3941
223,3933,3823,3989,4035,3863,3835,3834,3862,3973,3872,3899,3883,3987,3847,3951,3882,4012,4071,3999,3775,3865,4005,3914,4014,3884,3997,3883,3984,3924,3851,3851,3861,3878,4026,3930,3950,3898,3841,3899,3847,3877,3985,3897,3814,3961,3846,3876,3900,3920,4059,3839,3844,3898,3949,3743,3890,3936,3960,3973,3961,3897,3859,3972,3943
224,3901,3887,3859,3953,4011,3801,3924,3815,3857,3734,3940,3944,3868,3870,3905,3915,3922,3869,3992,3791,3898,3924,3853,3920,3867,3806,3885,3932,3925,3842,3894,4016,4017,3896,3929,3981,3938,3981,3839,3920,3930,3848,3860,3987,3972,3966,3993,3866,3896,4021,3962,3793,3932,3976,3850,3883,3897,3875,3881,3895,3839,4037,3846,3931
225,3910,3865,3893,3802,3938,3916,3995,3843,3963,3894,3970,3906,3936,3964,3888,3871,3898,3987,3969,3926,3973,3886,3818,3970,3895,3782,3905,3897,3961,3924,3815,3883,3849,3884,3820,3911,3914,3950,3918,3905,3851,3935,3962,3916,3890,3838,3935,3911,3809,3826,4002,3745,3921,3864,3975,3916,3806,3698,3938,3934,3843,3883,3916,3808
226,3942,3922,3874,3927,3932,3846,3886,3947,3858,4038,3867,3823,3846,3889,3990,4009,3861,3933,3863,3924,3846,3907,4007,3976,3853,3877,3950,3866,3890,3873,3890,3870,3878,3856,3832,3941,3960,3900,3828,3869,3956,3886,3875,3845,3920,3920,3808,3764,3838,3894,3980,3948,3985,3874,3854,3914,3998,3883,3838,3890,3928,3769,4038,3846
227,3814,3834,3806,3854,3914,3911,3936,3903,3913,3867,3780,3935,3973,3953,3917,3885,3955,3986,3845,3874,3851,3976,3911,3844,3944,3876,3891,3874,3861,3854,3930,3813,3878,3878,3969,4081,3926,3940,3946,3885,3947,3922,3847,3938,3882,4009,3933,3897,3807,3886,3962,3933,3793,3928,3899,3844,3857,3908,3873,3982,3771,3942,3976,3904
228,3942,3853,4052,3927,3929,3900,3915,3922,3889,3864,3838,3874,3877,3843,3875,3780,3865,3978,3991,3915,3775,3886,3937,3842,3983,3884,3951,3865,3907,3901,3948,3953,3817,3882,3919,3826,3867,3951,3819,4045,3940,3808,3815,3870,3797,3881,3924,3806,3881,3899,3937,3830,3880,3968,3997,3892,3929,3966,3909,3901,3932,3976,3913,3997
229,3977,4055,3871,3855,3906,3908,3894,3796,4015,3812,3814,3889,3867,3933,3832,3910,3797,3897,3924,3951,3871,3908,4017,3837,3875,3837,3892,3943,3895,3958,3901,3895,3858,3800,3927,3922,3912,3996,3924,3764,3869,3912,3778,3839,3860,3916,4000,3897,3928,3916,3751,3920,3853,4044,4006,4106,3882,3935,3809,3927,3969,3962,3771,3910
230,3916,3939,3862,3957,3966,3922,3922,3927,3949,3911,3832,3902,3934,3853,3965,3811,3923,3911,3879,3887,4009,3864,3975,3906,3969,3990,3858,3888,3835,3898,3894,3802,3905,3862,3836,3888,3872,3810,3898,3966,3882,3935,3923,3859,3816,3888,3962,3967,3965,3901,3962,3955,3890,3847,3812,3837,3907,3866,3938,3896,3808,3830,3882,3764
231,3967,3901,3912,3983,3916,3961,3927,3914,4012,3825,3893,3884,4020,3822,3968,3893,3866,3865,3897,3927,3856,3900,3782,3973,3970,3958,3921,3950,3900,3946,4066,3949,3921,3894,3928,3853,3851,3858,3893,3875,3871,3962,3899,3965,3947,3911,3917,4007,3919,3915,3940,3818,3916,3875,3945,3850,3911,3843,3915,3979,3887,3967,3902,3852
232,4030,3965,3964,3763,3911,3986,3784,3883,3922,3885,3861,3762,3866,4002,3915,3837,3923,4011,3892,3889,3783,3917,3804,4057,3800,3960,3968,3951,3825,3942,3893,3945,3918,3861,3904,4019,3948,3942,3864,4098,3950,3903,3760,3914,3878,3874,3977,3905,3920,3960,3971,4067,3872,3952,3942,3832,3812,3939,3882,3997,3808,3927,3941,3969
233,3943,3882,3967,3887,3957,3945,3973,3908,3888,3962,3962,3854,3930,3933,3878,3918,3934,3813,3985,3998,3887,3965,3945,3924,3908,3918,3992,3893,3911,3970,4008,3936,3966,3918,3880,3856,3969,3820,4021,3824,3891,3882,3913,3867,3884,3882,3870,3767,3965,3878,3975,3970,3989,3831,3819,3808,3870,3824,3958,3961,3861,3883,3824,3858
234,3881,3867,3880,3882,3867,3926,3884,3918,3853,4056,3872,3930,3932,3859,3848,4042,3899,4003,3940,3998,3885,3995,3957,3985,3910,3906,3890,3932,3987,3942,3950,3885,3894,3969,3843,3975,3915,3870,3853,3879,3805,3928,3851,3916,3997,3866,3809,4068,3895,3889,3924,3969,3924,3818,3921,3921,3859,4020,3895,3959,3848,3841,3771,3882
235,3892,3803,3913,3795,3952,3950,3792,3879,3835,3910,3828,3885,3925,3836,3928,3931,3828,3883,3825,3887,3853,3931,3932,3882,3919,3846,3903,3849,3935,3989,3936,3852,3921,3937,3860,3981,4046,3944,3895,3975,4023,3929,3840,3860,3961,3878,3976,3866,3883,3941,3913,4014,3956,3933,3887,3956,3963,3813,3940,3690,3868,3870,4017,3799
236,3961,3829,3980,3997,3891,3860,3956,3980,3901,4002,3853,3958,3856,3866,3896,3894,3861,3852,3898,4004,3828,3879,3944,3901,4034,3865,3962,3840,3847,3870,3948,3812,3897,3942,3893,3861,3911,3968,3918,3923,3817,3923,3808,3983,3881,3860,3945,4027,3951,3905,3940,3917,3956,3907,3969,3880,3878,3979,4038,4004,3852,3895,3863,3912
237,3744,3997,3916,3753,3957,3951,4021,3928,3953,4041,3718,3880,3984,3991,3809,3835,3910,3951,3961,3860,3892,3823,3837,3836,3986,4003,3860,3849,3930,3978,3922,3991,3858,3915,3953,3851,3928,3836,4044,3892,3921,3895,3959,3854,3928,3842,4005,3846,3935,3905,3882,3949,3891,3849,3947,3969,3862,3836,3890,3911,3895,4014,3816,3809
238,3944,3896,3900,3990,3993,3842,3880,4008,3816,3794,3976,3867,3868,3947,3882,4029,3913,3817,3918,3951,3941,3936,3890,3961,3869,3960,3827,3920,3815,3849,3818,3875,3995,3737,3810,3895,3893,3857,3855,3985,3947,3831,3949,3923,3939,3824,3931,4073,3928,3895,3876,3929,3904,3877,3913,3895,3920,3929,3881,3887,3888,3902,3917,3937
239,4013,3950,3961,4010,3998,3916,3989,3900,3954,3934,3864,3849,3826,3879,3799,3962,3872,3923,3964,3930,3993,3900,3876,3854,3928,3855,3941,4009,3881,3803,3919,4002,3991,3889,3808,3839,3858,3862,3805,3883,3974,3877,3965,3879,3855,3967,3917,3936,3888,3889,3897,3802,3989,3931,3953,3899,3957,3896,3903,4069,3963,3946,3859,3977
240,3985,3960,3964,3853,3956,3973,4010,4034,3943,3786,3944,3976,3875,3810,3832,3828,3846,3960,3959,3994,3877,3840,3842,3915,4000,3930,3955,3892,3862,3950,3842,3930,3763,3979,3902,3863,3882,3887,3859,3887,3834,3805,3829,4019,3976,3841,3947,3876,4040,4025,3943,3897,3992,3888,3853,3845,3867,3806,3865,3835,4022,3819,3780,4022
241,3936,3873,3888,3863,3823,3978,3939,3925,3915,3900,4010,3973,3915,3856,3845,3907,3951,3857,3846,3887,3842,3915,3874,3894,3811,3942,3863,3836,4041,3825,3937,4016,3903,3925,3969,3917,3916,3896,3990,3779,3947,3962,3896,3856,3907,3887,4102,3804,3862,3974,3880,3828,3793,3969,3900,3872,3884,3919,3826,3830,3923,3975,3926,3880
242,3919,3943,3849,3777,3845,3849,3852,3974,3861,3815,3881,3921,3818,3863,3933,3995,3869,3934,4035,3776,3831,3835,3794,3881,3925,3957,3946,3920,3898,3888,3916,3948,4001,3877,3983,3952,3924,3998,3930,3964,3947,3918,3840,4037,3968,3805,3926,3795,3958,3919,3959,3911,3976,4031,3877,3933,3840,3924,3998,3967,3856,3879,3845,3916
243,3803,3899,3975,3982,3809,3946,3892,3936,3909,3988,3875,3808,3972,3951,3938,3930,3887,4036,4001,3872,3882,3813,3793,3867,3860,3912,3872,3959,3855,3886,3969,3894,3847,3880,3962,3980,3869,3798,3984,3842,3866,3946,3906,3823,3930,3896,3878,3878,3861,3770,3944,3909,3928,3913,3875,3886,3793,3963,3927,3899,3932,3938,3891,3927
244,3986,3924,3885,3906,3934,3826,3869,3915,3794,3983,3859,3918,3833,3900,3846,3989,4000,3976,3899,3899,3929,3975,3907,3958,3915,3857,3813,3866,3921,3925,3859,3938,4050,3931,3920,4006,3891,3965,3924,3995,3876,3959,3839,3913,3963,3832,3968,3719,3870,4041,3858,3829,3858,4010,4023,3957,3926,3931,4007,3848,3917,4025,3930,3945
245,3935,3879,3892,3980,3892,3953,3850,4003,3877,3847,3857,3891,3891,3753,3880,3815,3821,3973,3916,3868,3890,3862,3899,3775,3884,3904,3982,3904,3856,3888,3816,3906,3948,3940,3870,3847,3988,3958,3913,3873,3934,3806,3903,3996,3843,3914,3889,3770,4021,3884,3984,3849,3968,3867,3837,3858,3843,3815,3891,3722,3931,3847,3831,3895
246,3902,3990,3927,3864,3971,3909,3881,3907,4002,3815,3928,3942,3880,3836,3771,3842,3955,3943,3894,3918,3956,3915,3907,3956,3797,3903,3825,3888,3888,3959,3816,3867,3877,3826,3882,3836,3941,3970,3984,3947,3935,3966,3893,3904,3966,3904,3836,3945,3929,3871,3857,3851,3896,3968,3899,3970,3822,3905,3835,3916,3950,3891,3867,3903
247,3919,3843,3861,3987,3883,3946,3855,3886,3886,3942,3895,3946,3865,3985,3934,3791,3957,3923,4020,3940,3882,3953,3829,3856,3873,3849,3795,3908,3895,3932,3939,3898,3913,3897,4017,3838,3884,3903,3948,3901,3910,3900,3964,3897,3899,3830,3870,3886,3961,3847,3832,3862,3775,3970,3863,4020,3987,3896,3880,3912,3911,3899,3896,3922
248,3831,3933,3862,3903,3803,3923,3873,3781,3878,3930,3906,3837,3915,3855,3864,3956,4011,3776,3895,3890,3902,3956,3821,3872,3844,3951,3935,3962,3889,3895,3984,3868,3888,4048,3893,3920,3910,4028,3996,3846,3822,3781,3878,3927,3766,3843,3900,3914,3955,3914,3990,3852,3910,3925,4039,3928,3989,3890,4009,3918,3852,3946,3816,3987
249,3874,3903,3937,3933,3980,3943,3786,3785,3915,3854,3926,3871,3927,3942,3844,3947,3866,3885,3936,3866,3883,3981,4020,3851,3926,3907,3899,3963,4007,3948,3815,3916,3890,3890,3868,3912,3940,3807,3889,3878,3998,3981,3991,3984,3912,3950,3884,3823,3870,3886,3906,3980,3888,3931,3942,3885,3925,3865,3905,3860,3978,3923,3921,3956
250,3830,3931,3907,4086,4060,4003,3770,3894,3905,3936,3886,3836,3786,3936,4005,3822,3954,4000,3849,3859,3937,3842,3939,3923,3991,3899,3995,3838,3863,3815,3794,3924,3819,3917,3888,3987,3872,3910,4001,3931,3837,3961,3838,3896,3870,3910,3889,3896,3921,3885,3855,3938,3838,3850,3858,3923,3920,3837,3909,4031,3950,3785,3926,3892
251,3934,3853,3952,3973,3879,3952,3883,3880,3929,3959,3856,3857,3797,4052,3904,3815,3942,3875,3881,3840,4046,3920,3986,3832,3955,3859,3758,3824,3904,3898,3900,3918,3983,4053,4008,3897,3836,3851,3833,4037,4015,3930,3767,3900,3832,3806,3899,3892,3949,3810,3873,3885,3975,4013,3947,3955,3984,3757,3883,3978,3852,3857,3789,3976
252,3826,3883,3842,3894,3975,3811,3944,3930,3916,3819,3878,3866,3918,3917,3750,3891,3840,3910,3859,3905,3821,3849,3886,3833,3940,3930,3850,3905,4089,3806,3916,3878,3838,3889,3973,4058,3876,4009,3822,3889,3940,3914,3943,4040,3877,3898,3944,3861,3878,3997,3818,3799,3904,3887,3928,3960,3893,3918,3887,3942,3886,3977,3925,3950
253,3887,3870,4071,3782,3868,3778,4023,3880,3859,3903,3924,3988,3895,3926,3811,3778,3925,3913,3940,3865,4005,3845,3921,3851,3950,3857,3949,3924,3887,3901,3873,3945,3861,4047,3885,3937,3757,3845,3985,4039,3941,3861,3957,3872,3971,3910,3907,3901,3762,3802,3994,3897,3902,3874,3860,4004,3930,3847,3826,3709,3943,3855,3771,3903
254,3930,3923,3942,3902,3893,3944,3792,3901,3880,3825,3939,3872,3903,3938,3941,3971,3894,3815,3828,3961,3884,3917,3871,3952,3893,3913,3905,3918,3963,3795,3871,3923,3985,3881,3977,4011,3866,3845,3941,3751,3859,3866,3934,3896,4008,4016,3852,3860,3946,3894,3951,3952,3874,3907,3981,4024,3851,3912,3942,3970,3897,3775,4056,3829
255,3958,3859,3896,3920,3933,3847,3811,3811,3971,3844,3936,3990,3947,3797,3917,3876,3947,3911,3919,3937,3808,3964,3893,3950,3902,3977,3973,3878,3809,3950,3973,3945,3992,3893,3802,3956,4037,3826,3921,3849,4000,3888,4030,3868,3854,3875,3873,3954,3760,3940,3999,3921,3867,3956,3802,3890,3803,3858,3841,3917,3905,3930,3910,3919